网元数据
1001 30000.0 15000.0 10000.0 1001
1002 35000.0 25000.0 20000.0 1001
1003 37000.0 5000.0 6000.0 1001
1004 11000.0 8100.0 5100.0 1001

信号
1001 41.6478545652496 2100000000 0
1001 41.6250185315834 2100000000 3
1001 41.6588591595311 2100000000 6
1001 41.6391948978421 2100000000 9
1001 41.6442096966162 2100000000 12

终端
1001 20000.0 8000.0 4000.0

测试数据(1)
#网元
0 27400.0 15200.0 9200.0 1001
3 35000.0 17000.0 8100.0 1002
6 43000.0 11900.0 6500.0 1003
9 31000.0 -1100.0 9100.0 1004
12 13000.0 -2100.0 9500.0 1005
#100m网元
0 -80000.0 0.0 60000.0 1001
3 -80000.0 124000.0 60000 1002
6 119800.0 0.0 60000.0 1003
9 119800.0 12400.0 60000.0 1004
12 39800.0 92400.0 60000.0 1005

#终端
1001 10000.0 8000.0 5000.0
1001 20000.0 8000.0 5000.0

#宿栋栋—2016.7.15
0 38900.0 30200.0 33150.0
3 35850.0 34230.0 35150.0
6 37700.0 29200.0 37150.0
9 36700.0 31200.0 35150.0
12 37900.0 29200.0 30150.0

#联调数据_2016.7.19
网元:
0 21400 -9300 3000
3 21400 24850 3000
6 33900 3200 3000
9 21400 -18450 3000
12 -3600 -18450 3000
15 -16100 3200 3000
18 -16100 46500 6000
21 33900 46500 6000
24 58900 3200 6000
27 33900 -40100 6000
30 -16100 -40100 6000
33 -41100 3200 6000
终端:
10001 8000 3200 5000

网元备份:2016.8.22
0 21400 -9300 3000
1 21400 24850 3000
2 33900 3200 3000
3 21400 -18450 3000
4 -3600 -18450 3000
5 -16100 3200 3000
6 -16100 46500 6000
7 33900 46500 6000
8 58900 3200 6000
9 33900 -40100 6000
10 -16100 -40100 6000
11 -41100 3200 6000

网元备份:2016.8.30
1 21400 24850 3000
2 33900 3200 3000
3 21400 -18450 3000
4 -3600 -18450 3000
5 -16100 3200 3000
6 -16100 46500 6000
7 33900 46500 6000
8 58900 3200 6000
9 33900 -40100 6000
10 -16100 -40100 6000
11 -41100 3200 6000
12 21400 -9300 3000

终端备份:2016.8.26
备注:数据有问题
10002 7422.991683705817 5000.076758029812 7000.7205613492727858

信号数据:2016.9.3
1 41.6250185315834 2100000000
2 41.6588591595311 2100000000
3 41.6391948978421 2100000000
4 41.6442096966162 2100000000
5 41.6478545652496 2100000000
6 41.6250185315834 2100000000
7 41.6588591595311 2100000000
8 41.6391948978421 2100000000
9 41.6442096966162 2100000000
10 41.6442096966162 2100000000
11 41.6442096966162 2100000000
12 41.6478545652496 2100000000

网元数据备份:2016.10.6
1 21400 24850 3000
2 33900 3200 3000
3 21400 -18450 3000
4 -3600 -18450 3000
5 -16100 3200 3000
6 -16100 46500 6000
7 33900 46500 6000
8 58900 3200 6000
9 33900 -40100 6000
10 -16100 -40100 6000
11 -41100 3200 6000
12 -3600 24500 3000
13 7800 3900 6000

网元数据备份:2016.10.8
1 3400 4850 5000
2 8600 3200 5000
3 13800 -8450 5000
4 3400 -8450 5100
5 8600 3200 5100
6 13800 6500 5100
7 2600 6500 4900
8 7800 3200 4900
9 13000 -4000 4900
10 2600 3200 4800
11 7800 4500 4800
12 13000 3900 4800

网元数据备份 :2016.10.11 一边4个一边6个
1 8600 -20000 3100
2 2500 4000 3000
3 2500 4000 6000
4 3400 -25000 3100
5 8600 -25000 3100
6 13800 -25000 3100
7 2600 30000 2900
8 7800 30000 2900
9 13000 30000 2900
10 2600 25000 2900
11 7800 25000 2900
12 13000 25000 2900

网元数据备份 :2016.10.19
1 8600 -10000 5100
4 3400 -15000 5100
5 8600 -15000 5100
6 13800 -15000 5100
7 2600 20000 4900
8 7800 20000 4900
9 13000 20000 4900
10 2600 15000 4900
11 7800 15000 4900
12 13000 15000 4900

网元数据备份 :2016.10.19

网元数据备份 :2016.10.19 变种蜂窝 H型
1 21400 24850 3000
2 58900 46500 6000
3 21400 -18450 3000
4 -3600 -18450 3000
5 -41100 46500 6000
6 -16100 46500 6000
7 33900 46500 6000
8 58900 -40100 6000
9 33900 -40100 6000
10 -16100 -40100 6000
11 -41100 -40100 6000
12 -3600 24850 3000

网元数据备份 :2016.10.19 变种蜂窝2 两个标准蜂窝
1 21400 24850 3000
2 21400 61850 6000
3 21400 -18450 3000
4 -3600 -61750 3000
5 -3600 24850 6000
6 -16100 46500 6000
7 33900 46500 6000
8 21400 -61750 6000
9 33900 -40100 6000
10 -16100 -40100 6000
11 -3600 -18450 6000
12 -3600 61850 3000

网元数据备份 :2016.10.19 变种蜂窝3 两个凸型
1 58900 46500 3000
2 21400 61850 6000
3 58900 -40100 3000
4 -3600 -61750 3000
5 -41100 46500 6000
6 -16100 46500 6000
7 33900 46500 6000
8 21400 -61750 6000
9 33900 -40100 6000
10 -16100 -40100 6000
11 -41100 -40100 6000
12 -3600 61850 3000


网元数据备份: 2016.10.22 网元蜂窝组
1 -12500.0 108253.17547305481 4500.0
2 12500.0 108253.17547305481 4500.0
3 -50000.0 86602.54037844385 4500.0
4 -25000.0 86602.54037844385 4500.0
5 25000.0 86602.54037844385 4500.0
6 50000.0 86602.54037844385 4500.0
7 -62500.0 64951.90528383289 4500.0
8 -12500.0 64951.90528383289 4500.0
9 12500.0 64951.90528383289 4500.0
10 62500.0 64951.90528383289 4500.0
11 -50000.0 43301.27018922193 4500.0
12 -25000.0 43301.27018922193 4500.0
13 25000.0 43301.27018922193 4500.0
14 50000.0 43301.27018922193 4500.0
15 -62500.0 21650.635094610963 4500.0
16 -12500.0 21650.635094610963 4500.0
17 12500.0 21650.635094610963 4500.0
18 62500.0 21650.635094610963 4500.0
19 -50000.0 0.0 4500.0
20 -25000.0 0.0 4500.0
21 25000.0 0.0 4500.0
22 50000.0 0.0 4500.0
23 -62500.0 -21650.635094610963 4500.0
24 -12500.0 -21650.635094610963 4500.0
25 12500.0 -21650.635094610963 4500.0
26 62500.0 -21650.635094610963 4500.0
27 -50000.0 -43301.27018922193 4500.0
28 -25000.0 -43301.27018922193 4500.0
29 25000.0 -43301.27018922193 4500.0
30 50000.0 -43301.27018922193 4500.0
31 -62500.0 -64951.90528383289 4500.0
32 -12500.0 -64951.90528383289 4500.0
33 12500.0 -64951.90528383289 4500.0
34 62500.0 -64951.90528383289 4500.0
35 -50000.0 -86602.54037844385 4500.0
36 -25000.0 -86602.54037844385 4500.0
37 25000.0 -86602.54037844385 4500.0
38 50000.0 -86602.54037844385 4500.0
39 -12500.0 -108253.17547305481 4500.0
40 12500.0 -108253.17547305481 4500.0
