200.0 1200.0 5700.0 6 
200.0 1700.0 5700.0 0 
200.0 2200.0 5700.0 1 
200.0 2700.0 5700.0 1 
200.0 3200.0 5700.0 3 
200.0 3700.0 5700.0 3 
200.0 4200.0 5700.0 2 
200.0 4700.0 5700.0 4 
200.0 5200.0 5700.0 6 
200.0 5700.0 5700.0 4 
713.3333333333334 1200.0 5700.0 6 
713.3333333333334 1700.0 5700.0 1 
713.3333333333334 2200.0 5700.0 1 
713.3333333333334 2700.0 5700.0 3 
713.3333333333334 3200.0 5700.0 5 
713.3333333333334 3700.0 5700.0 3 
713.3333333333334 4200.0 5700.0 3 
713.3333333333334 4700.0 5700.0 4 
713.3333333333334 5200.0 5700.0 6 
713.3333333333334 5700.0 5700.0 4 
1226.6666666666667 1200.0 5700.0 6 
1226.6666666666667 1700.0 5700.0 1 
1226.6666666666667 2200.0 5700.0 1 
1226.6666666666667 2700.0 5700.0 3 
1226.6666666666667 3200.0 5700.0 3 
1226.6666666666667 3700.0 5700.0 5 
1226.6666666666667 4200.0 5700.0 6 
1226.6666666666667 4700.0 5700.0 5 
1226.6666666666667 5200.0 5700.0 5 
1226.6666666666667 5700.0 5700.0 4 
1740.0 1200.0 5700.0 6 
1740.0 1700.0 5700.0 1 
1740.0 2200.0 5700.0 1 
1740.0 2700.0 5700.0 3 
1740.0 3200.0 5700.0 4 
1740.0 3700.0 5700.0 4 
1740.0 4200.0 5700.0 4 
1740.0 4700.0 5700.0 4 
1740.0 5200.0 5700.0 4 
1740.0 5700.0 5700.0 6 
2253.3333333333335 1200.0 5700.0 6 
2253.3333333333335 1700.0 5700.0 1 
2253.3333333333335 2200.0 5700.0 3 
2253.3333333333335 2700.0 5700.0 4 
2253.3333333333335 3200.0 5700.0 4 
2253.3333333333335 3700.0 5700.0 3 
2253.3333333333335 4200.0 5700.0 2 
2253.3333333333335 4700.0 5700.0 3 
2253.3333333333335 5200.0 5700.0 4 
2253.3333333333335 5700.0 5700.0 5 
2766.666666666667 1200.0 5700.0 6 
2766.666666666667 1700.0 5700.0 1 
2766.666666666667 2200.0 5700.0 4 
2766.666666666667 2700.0 5700.0 4 
2766.666666666667 3200.0 5700.0 2 
2766.666666666667 3700.0 5700.0 4 
2766.666666666667 4200.0 5700.0 4 
2766.666666666667 4700.0 5700.0 4 
2766.666666666667 5200.0 5700.0 5 
2766.666666666667 5700.0 5700.0 6 
3280.0 1200.0 5700.0 6 
3280.0 1700.0 5700.0 7 
3280.0 2200.0 5700.0 5 
3280.0 2700.0 5700.0 4 
3280.0 3200.0 5700.0 4 
3280.0 3700.0 5700.0 4 
3280.0 4200.0 5700.0 4 
3280.0 4700.0 5700.0 4 
3280.0 5200.0 5700.0 4 
3280.0 5700.0 5700.0 5 
3793.3333333333335 1200.0 5700.0 6 
3793.3333333333335 1700.0 5700.0 3 
3793.3333333333335 2200.0 5700.0 3 
3793.3333333333335 2700.0 5700.0 4 
3793.3333333333335 3200.0 5700.0 4 
3793.3333333333335 3700.0 5700.0 4 
3793.3333333333335 4200.0 5700.0 4 
3793.3333333333335 4700.0 5700.0 4 
3793.3333333333335 5200.0 5700.0 4 
3793.3333333333335 5700.0 5700.0 4 
4306.666666666667 1200.0 5700.0 6 
4306.666666666667 1700.0 5700.0 1 
4306.666666666667 2200.0 5700.0 1 
4306.666666666667 2700.0 5700.0 2 
4306.666666666667 3200.0 5700.0 2 
4306.666666666667 3700.0 5700.0 2 
4306.666666666667 4200.0 5700.0 2 
4306.666666666667 4700.0 5700.0 1 
4306.666666666667 5200.0 5700.0 0 
4306.666666666667 5700.0 5700.0 0 
4820.0 1200.0 5700.0 6 
4820.0 1700.0 5700.0 1 
4820.0 2200.0 5700.0 1 
4820.0 2700.0 5700.0 2 
4820.0 3200.0 5700.0 1 
4820.0 3700.0 5700.0 0 
4820.0 4200.0 5700.0 0 
4820.0 4700.0 5700.0 0 
4820.0 5200.0 5700.0 0 
4820.0 5700.0 5700.0 0 
5333.333333333334 1200.0 5700.0 6 
5333.333333333334 1700.0 5700.0 0 
5333.333333333334 2200.0 5700.0 1 
5333.333333333334 2700.0 5700.0 1 
5333.333333333334 3200.0 5700.0 2 
5333.333333333334 3700.0 5700.0 2 
5333.333333333334 4200.0 5700.0 2 
5333.333333333334 4700.0 5700.0 3 
5333.333333333334 5200.0 5700.0 4 
5333.333333333334 5700.0 5700.0 2 
5846.666666666667 1200.0 5700.0 6 
5846.666666666667 1700.0 5700.0 1 
5846.666666666667 2200.0 5700.0 1 
5846.666666666667 2700.0 5700.0 3 
5846.666666666667 3200.0 5700.0 2 
5846.666666666667 3700.0 5700.0 3 
5846.666666666667 4200.0 5700.0 3 
5846.666666666667 4700.0 5700.0 4 
5846.666666666667 5200.0 5700.0 4 
5846.666666666667 5700.0 5700.0 2 
6360.0 1200.0 5700.0 6 
6360.0 1700.0 5700.0 1 
6360.0 2200.0 5700.0 1 
6360.0 2700.0 5700.0 2 
6360.0 3200.0 5700.0 3 
6360.0 3700.0 5700.0 4 
6360.0 4200.0 5700.0 6 
6360.0 4700.0 5700.0 6 
6360.0 5200.0 5700.0 5 
6360.0 5700.0 5700.0 2 
6873.333333333334 1200.0 5700.0 6 
6873.333333333334 1700.0 5700.0 1 
6873.333333333334 2200.0 5700.0 1 
6873.333333333334 2700.0 5700.0 2 
6873.333333333334 3200.0 5700.0 4 
6873.333333333334 3700.0 5700.0 4 
6873.333333333334 4200.0 5700.0 4 
6873.333333333334 4700.0 5700.0 4 
6873.333333333334 5200.0 5700.0 4 
6873.333333333334 5700.0 5700.0 4 
7386.666666666667 1200.0 5700.0 6 
7386.666666666667 1700.0 5700.0 1 
7386.666666666667 2200.0 5700.0 1 
7386.666666666667 2700.0 5700.0 4 
7386.666666666667 3200.0 5700.0 4 
7386.666666666667 3700.0 5700.0 3 
7386.666666666667 4200.0 5700.0 2 
7386.666666666667 4700.0 5700.0 3 
7386.666666666667 5200.0 5700.0 4 
7386.666666666667 5700.0 5700.0 6 
7900.000000000001 1200.0 5700.0 6 
7900.000000000001 1700.0 5700.0 1 
7900.000000000001 2200.0 5700.0 3 
7900.000000000001 2700.0 5700.0 4 
7900.000000000001 3200.0 5700.0 2 
7900.000000000001 3700.0 5700.0 3 
7900.000000000001 4200.0 5700.0 3 
7900.000000000001 4700.0 5700.0 4 
7900.000000000001 5200.0 5700.0 6 
7900.000000000001 5700.0 5700.0 8 
8413.333333333334 1200.0 5700.0 6 
8413.333333333334 1700.0 5700.0 7 
8413.333333333334 2200.0 5700.0 5 
8413.333333333334 2700.0 5700.0 4 
8413.333333333334 3200.0 5700.0 4 
8413.333333333334 3700.0 5700.0 4 
8413.333333333334 4200.0 5700.0 4 
8413.333333333334 4700.0 5700.0 5 
8413.333333333334 5200.0 5700.0 6 
8413.333333333334 5700.0 5700.0 7 
8926.666666666668 1200.0 5700.0 6 
8926.666666666668 1700.0 5700.0 7 
8926.666666666668 2200.0 5700.0 5 
8926.666666666668 2700.0 5700.0 4 
8926.666666666668 3200.0 5700.0 4 
8926.666666666668 3700.0 5700.0 4 
8926.666666666668 4200.0 5700.0 5 
8926.666666666668 4700.0 5700.0 6 
8926.666666666668 5200.0 5700.0 6 
8926.666666666668 5700.0 5700.0 6 
9440.0 1200.0 5700.0 6 
9440.0 1700.0 5700.0 3 
9440.0 2200.0 5700.0 3 
9440.0 2700.0 5700.0 4 
9440.0 3200.0 5700.0 4 
9440.0 3700.0 5700.0 3 
9440.0 4200.0 5700.0 4 
9440.0 4700.0 5700.0 4 
9440.0 5200.0 5700.0 3 
9440.0 5700.0 5700.0 3 
9953.333333333334 1200.0 5700.0 6 
9953.333333333334 1700.0 5700.0 1 
9953.333333333334 2200.0 5700.0 1 
9953.333333333334 2700.0 5700.0 4 
9953.333333333334 3200.0 5700.0 5 
9953.333333333334 3700.0 5700.0 4 
9953.333333333334 4200.0 5700.0 2 
9953.333333333334 4700.0 5700.0 2 
9953.333333333334 5200.0 5700.0 2 
9953.333333333334 5700.0 5700.0 2 
10466.666666666668 1200.0 5700.0 6 
10466.666666666668 1700.0 5700.0 1 
10466.666666666668 2200.0 5700.0 1 
10466.666666666668 2700.0 5700.0 1 
10466.666666666668 3200.0 5700.0 3 
10466.666666666668 3700.0 5700.0 4 
10466.666666666668 4200.0 5700.0 4 
10466.666666666668 4700.0 5700.0 3 
10466.666666666668 5200.0 5700.0 1 
10466.666666666668 5700.0 5700.0 0 
10980.0 1200.0 5700.0 6 
10980.0 1700.0 5700.0 2 
10980.0 2200.0 5700.0 1 
10980.0 2700.0 5700.0 2 
10980.0 3200.0 5700.0 1 
10980.0 3700.0 5700.0 0 
10980.0 4200.0 5700.0 0 
10980.0 4700.0 5700.0 0 
10980.0 5200.0 5700.0 0 
10980.0 5700.0 5700.0 0 
11493.333333333334 1200.0 5700.0 6 
11493.333333333334 1700.0 5700.0 7 
11493.333333333334 2200.0 5700.0 1 
11493.333333333334 2700.0 5700.0 2 
11493.333333333334 3200.0 5700.0 2 
11493.333333333334 3700.0 5700.0 2 
11493.333333333334 4200.0 5700.0 2 
11493.333333333334 4700.0 5700.0 2 
11493.333333333334 5200.0 5700.0 1 
11493.333333333334 5700.0 5700.0 0 
12006.666666666668 1200.0 5700.0 6 
12006.666666666668 1700.0 5700.0 2 
12006.666666666668 2200.0 5700.0 1 
12006.666666666668 2700.0 5700.0 2 
12006.666666666668 3200.0 5700.0 2 
12006.666666666668 3700.0 5700.0 2 
12006.666666666668 4200.0 5700.0 2 
12006.666666666668 4700.0 5700.0 2 
12006.666666666668 5200.0 5700.0 2 
12006.666666666668 5700.0 5700.0 2 
12520.0 1200.0 5700.0 6 
12520.0 1700.0 5700.0 1 
12520.0 2200.0 5700.0 1 
12520.0 2700.0 5700.0 2 
12520.0 3200.0 5700.0 2 
12520.0 3700.0 5700.0 2 
12520.0 4200.0 5700.0 2 
12520.0 4700.0 5700.0 2 
12520.0 5200.0 5700.0 2 
12520.0 5700.0 5700.0 3 
13033.333333333334 1200.0 5700.0 6 
13033.333333333334 1700.0 5700.0 1 
13033.333333333334 2200.0 5700.0 1 
13033.333333333334 2700.0 5700.0 2 
13033.333333333334 3200.0 5700.0 2 
13033.333333333334 3700.0 5700.0 2 
13033.333333333334 4200.0 5700.0 2 
13033.333333333334 4700.0 5700.0 2 
13033.333333333334 5200.0 5700.0 4 
13033.333333333334 5700.0 5700.0 6 
13546.666666666668 1200.0 5700.0 6 
13546.666666666668 1700.0 5700.0 1 
13546.666666666668 2200.0 5700.0 3 
13546.666666666668 2700.0 5700.0 4 
13546.666666666668 3200.0 5700.0 4 
13546.666666666668 3700.0 5700.0 4 
13546.666666666668 4200.0 5700.0 4 
13546.666666666668 4700.0 5700.0 5 
13546.666666666668 5200.0 5700.0 6 
13546.666666666668 5700.0 5700.0 7 
14060.000000000002 1200.0 5700.0 6 
14060.000000000002 1700.0 5700.0 4 
14060.000000000002 2200.0 5700.0 5 
14060.000000000002 2700.0 5700.0 4 
14060.000000000002 3200.0 5700.0 4 
14060.000000000002 3700.0 5700.0 4 
14060.000000000002 4200.0 5700.0 5 
14060.000000000002 4700.0 5700.0 6 
14060.000000000002 5200.0 5700.0 6 
14060.000000000002 5700.0 5700.0 8 
14573.333333333334 1200.0 5700.0 6 
14573.333333333334 1700.0 5700.0 2 
14573.333333333334 2200.0 5700.0 5 
14573.333333333334 2700.0 5700.0 4 
14573.333333333334 3200.0 5700.0 3 
14573.333333333334 3700.0 5700.0 3 
14573.333333333334 4200.0 5700.0 4 
14573.333333333334 4700.0 5700.0 4 
14573.333333333334 5200.0 5700.0 5 
14573.333333333334 5700.0 5700.0 6 
15086.666666666668 1200.0 5700.0 6 
15086.666666666668 1700.0 5700.0 1 
15086.666666666668 2200.0 5700.0 3 
15086.666666666668 2700.0 5700.0 5 
15086.666666666668 3200.0 5700.0 5 
15086.666666666668 3700.0 5700.0 4 
15086.666666666668 4200.0 5700.0 2 
15086.666666666668 4700.0 5700.0 2 
15086.666666666668 5200.0 5700.0 4 
15086.666666666668 5700.0 5700.0 3 
