400.0 1900.0 100.0 12 
400.0 1900.0 700.0 18 
400.0 1900.0 1300.0 25 
400.0 1900.0 3200.0 54 
400.0 1900.0 3800.0 12 
400.0 1900.0 4400.0 24 
400.0 2330.0 100.0 24 
400.0 2330.0 700.0 29 
400.0 2330.0 1300.0 36 
400.0 2330.0 3200.0 62 
400.0 2330.0 3800.0 24 
400.0 2330.0 4400.0 32 
400.0 2760.0 100.0 8 
400.0 2760.0 700.0 5 
400.0 2760.0 1300.0 21 
400.0 2760.0 3200.0 52 
400.0 2760.0 3800.0 12 
400.0 2760.0 4400.0 16 
400.0 3190.0 100.0 12 
400.0 3190.0 700.0 10 
400.0 3190.0 1300.0 20 
400.0 3190.0 3200.0 55 
400.0 3190.0 3800.0 12 
400.0 3190.0 4400.0 15 
400.0 3620.0 100.0 16 
400.0 3620.0 700.0 19 
400.0 3620.0 1300.0 41 
400.0 3620.0 3200.0 57 
400.0 3620.0 3800.0 17 
400.0 3620.0 4400.0 30 
400.0 4050.0 100.0 16 
400.0 4050.0 700.0 16 
400.0 4050.0 1300.0 41 
400.0 4050.0 3200.0 61 
400.0 4050.0 3800.0 16 
400.0 4050.0 4400.0 33 
400.0 4480.0 100.0 4 
400.0 4480.0 700.0 13 
400.0 4480.0 1300.0 33 
400.0 4480.0 3200.0 51 
400.0 4480.0 3800.0 5 
400.0 4480.0 4400.0 31 
400.0 4910.0 100.0 0 
400.0 4910.0 700.0 7 
400.0 4910.0 1300.0 25 
400.0 4910.0 3200.0 51 
400.0 4910.0 3800.0 0 
400.0 4910.0 4400.0 21 
400.0 5340.0 100.0 7 
400.0 5340.0 700.0 10 
400.0 5340.0 1300.0 28 
400.0 5340.0 3200.0 51 
400.0 5340.0 3800.0 10 
400.0 5340.0 4400.0 28 
400.0 5770.0 100.0 20 
400.0 5770.0 700.0 21 
400.0 5770.0 1300.0 26 
400.0 5770.0 3200.0 61 
400.0 5770.0 3800.0 20 
400.0 5770.0 4400.0 35 
1900.0 1900.0 100.0 18 
1900.0 1900.0 700.0 19 
1900.0 1900.0 1300.0 24 
1900.0 1900.0 3200.0 56 
1900.0 1900.0 3800.0 21 
1900.0 1900.0 4400.0 23 
1900.0 2330.0 100.0 8 
1900.0 2330.0 700.0 11 
1900.0 2330.0 1300.0 20 
1900.0 2330.0 3200.0 48 
1900.0 2330.0 3800.0 9 
1900.0 2330.0 4400.0 17 
1900.0 2760.0 100.0 16 
1900.0 2760.0 700.0 16 
1900.0 2760.0 1300.0 28 
1900.0 2760.0 3200.0 54 
1900.0 2760.0 3800.0 17 
1900.0 2760.0 4400.0 25 
1900.0 3190.0 100.0 9 
1900.0 3190.0 700.0 12 
1900.0 3190.0 1300.0 36 
1900.0 3190.0 3200.0 48 
1900.0 3190.0 3800.0 11 
1900.0 3190.0 4400.0 30 
1900.0 3620.0 100.0 16 
1900.0 3620.0 700.0 19 
1900.0 3620.0 1300.0 36 
1900.0 3620.0 3200.0 50 
1900.0 3620.0 3800.0 17 
1900.0 3620.0 4400.0 33 
1900.0 4050.0 100.0 20 
1900.0 4050.0 700.0 19 
1900.0 4050.0 1300.0 41 
1900.0 4050.0 3200.0 58 
1900.0 4050.0 3800.0 20 
1900.0 4050.0 4400.0 37 
1900.0 4480.0 100.0 4 
1900.0 4480.0 700.0 10 
1900.0 4480.0 1300.0 34 
1900.0 4480.0 3200.0 43 
1900.0 4480.0 3800.0 4 
1900.0 4480.0 4400.0 29 
1900.0 4910.0 100.0 9 
1900.0 4910.0 700.0 11 
1900.0 4910.0 1300.0 28 
1900.0 4910.0 3200.0 48 
1900.0 4910.0 3800.0 10 
1900.0 4910.0 4400.0 28 
1900.0 5340.0 100.0 7 
1900.0 5340.0 700.0 8 
1900.0 5340.0 1300.0 44 
1900.0 5340.0 3200.0 46 
1900.0 5340.0 3800.0 9 
1900.0 5340.0 4400.0 43 
1900.0 5770.0 100.0 16 
1900.0 5770.0 700.0 17 
1900.0 5770.0 1300.0 52 
1900.0 5770.0 3200.0 56 
1900.0 5770.0 3800.0 17 
1900.0 5770.0 4400.0 47 
3400.0 1900.0 100.0 16 
3400.0 1900.0 700.0 25 
3400.0 1900.0 1300.0 77 
3400.0 1900.0 3200.0 48 
3400.0 1900.0 3800.0 14 
3400.0 1900.0 4400.0 68 
3400.0 2330.0 100.0 16 
3400.0 2330.0 700.0 23 
3400.0 2330.0 1300.0 60 
3400.0 2330.0 3200.0 46 
3400.0 2330.0 3800.0 10 
3400.0 2330.0 4400.0 47 
3400.0 2760.0 100.0 5 
3400.0 2760.0 700.0 10 
3400.0 2760.0 1300.0 40 
3400.0 2760.0 3200.0 42 
3400.0 2760.0 3800.0 5 
3400.0 2760.0 4400.0 30 
3400.0 3190.0 100.0 5 
3400.0 3190.0 700.0 9 
3400.0 3190.0 1300.0 36 
3400.0 3190.0 3200.0 46 
3400.0 3190.0 3800.0 6 
3400.0 3190.0 4400.0 27 
3400.0 3620.0 100.0 4 
3400.0 3620.0 700.0 9 
3400.0 3620.0 1300.0 37 
3400.0 3620.0 3200.0 40 
3400.0 3620.0 3800.0 5 
3400.0 3620.0 4400.0 29 
3400.0 4050.0 100.0 4 
3400.0 4050.0 700.0 8 
3400.0 4050.0 1300.0 20 
3400.0 4050.0 3200.0 49 
3400.0 4050.0 3800.0 4 
3400.0 4050.0 4400.0 18 
3400.0 4480.0 100.0 0 
3400.0 4480.0 700.0 5 
3400.0 4480.0 1300.0 23 
3400.0 4480.0 3200.0 37 
3400.0 4480.0 3800.0 1 
3400.0 4480.0 4400.0 17 
3400.0 4910.0 100.0 4 
3400.0 4910.0 700.0 11 
3400.0 4910.0 1300.0 37 
3400.0 4910.0 3200.0 41 
3400.0 4910.0 3800.0 4 
3400.0 4910.0 4400.0 32 
3400.0 5340.0 100.0 8 
3400.0 5340.0 700.0 13 
3400.0 5340.0 1300.0 39 
3400.0 5340.0 3200.0 44 
3400.0 5340.0 3800.0 8 
3400.0 5340.0 4400.0 38 
3400.0 5770.0 100.0 20 
3400.0 5770.0 700.0 26 
3400.0 5770.0 1300.0 61 
3400.0 5770.0 3200.0 53 
3400.0 5770.0 3800.0 17 
3400.0 5770.0 4400.0 53 
4900.0 1900.0 100.0 12 
4900.0 1900.0 700.0 23 
4900.0 1900.0 1300.0 36 
4900.0 1900.0 3200.0 44 
4900.0 1900.0 3800.0 8 
4900.0 1900.0 4400.0 24 
4900.0 2330.0 100.0 10 
4900.0 2330.0 700.0 17 
4900.0 2330.0 1300.0 28 
4900.0 2330.0 3200.0 42 
4900.0 2330.0 3800.0 7 
4900.0 2330.0 4400.0 20 
4900.0 2760.0 100.0 10 
4900.0 2760.0 700.0 17 
4900.0 2760.0 1300.0 49 
4900.0 2760.0 3200.0 46 
4900.0 2760.0 3800.0 10 
4900.0 2760.0 4400.0 37 
4900.0 3190.0 100.0 2 
4900.0 3190.0 700.0 12 
4900.0 3190.0 1300.0 40 
4900.0 3190.0 3200.0 39 
4900.0 3190.0 3800.0 2 
4900.0 3190.0 4400.0 29 
4900.0 3620.0 100.0 0 
4900.0 3620.0 700.0 16 
4900.0 3620.0 1300.0 57 
4900.0 3620.0 3200.0 37 
4900.0 3620.0 3800.0 3 
4900.0 3620.0 4400.0 42 
4900.0 4050.0 100.0 4 
4900.0 4050.0 700.0 15 
4900.0 4050.0 1300.0 52 
4900.0 4050.0 3200.0 52 
4900.0 4050.0 3800.0 4 
4900.0 4050.0 4400.0 43 
4900.0 4480.0 100.0 5 
4900.0 4480.0 700.0 16 
4900.0 4480.0 1300.0 47 
4900.0 4480.0 3200.0 38 
4900.0 4480.0 3800.0 5 
4900.0 4480.0 4400.0 37 
4900.0 4910.0 100.0 4 
4900.0 4910.0 700.0 10 
4900.0 4910.0 1300.0 37 
4900.0 4910.0 3200.0 41 
4900.0 4910.0 3800.0 4 
4900.0 4910.0 4400.0 33 
4900.0 5340.0 100.0 8 
4900.0 5340.0 700.0 12 
4900.0 5340.0 1300.0 28 
4900.0 5340.0 3200.0 45 
4900.0 5340.0 3800.0 12 
4900.0 5340.0 4400.0 22 
4900.0 5770.0 100.0 4 
4900.0 5770.0 700.0 8 
4900.0 5770.0 1300.0 34 
4900.0 5770.0 3200.0 46 
4900.0 5770.0 3800.0 4 
4900.0 5770.0 4400.0 28 
6400.0 1900.0 100.0 30 
6400.0 1900.0 700.0 37 
6400.0 1900.0 1300.0 49 
6400.0 1900.0 3200.0 55 
6400.0 1900.0 3800.0 29 
6400.0 1900.0 4400.0 42 
6400.0 2330.0 100.0 18 
6400.0 2330.0 700.0 23 
6400.0 2330.0 1300.0 40 
6400.0 2330.0 3200.0 45 
6400.0 2330.0 3800.0 17 
6400.0 2330.0 4400.0 34 
6400.0 2760.0 100.0 13 
6400.0 2760.0 700.0 18 
6400.0 2760.0 1300.0 37 
6400.0 2760.0 3200.0 45 
6400.0 2760.0 3800.0 13 
6400.0 2760.0 4400.0 28 
6400.0 3190.0 100.0 11 
6400.0 3190.0 700.0 20 
6400.0 3190.0 1300.0 43 
6400.0 3190.0 3200.0 41 
6400.0 3190.0 3800.0 10 
6400.0 3190.0 4400.0 32 
6400.0 3620.0 100.0 8 
6400.0 3620.0 700.0 17 
6400.0 3620.0 1300.0 37 
6400.0 3620.0 3200.0 40 
6400.0 3620.0 3800.0 9 
6400.0 3620.0 4400.0 29 
6400.0 4050.0 100.0 0 
6400.0 4050.0 700.0 8 
6400.0 4050.0 1300.0 37 
6400.0 4050.0 3200.0 45 
6400.0 4050.0 3800.0 0 
6400.0 4050.0 4400.0 30 
6400.0 4480.0 100.0 0 
6400.0 4480.0 700.0 11 
6400.0 4480.0 1300.0 35 
6400.0 4480.0 3200.0 36 
6400.0 4480.0 3800.0 1 
6400.0 4480.0 4400.0 26 
6400.0 4910.0 100.0 1 
6400.0 4910.0 700.0 9 
6400.0 4910.0 1300.0 33 
6400.0 4910.0 3200.0 37 
6400.0 4910.0 3800.0 1 
6400.0 4910.0 4400.0 26 
6400.0 5340.0 100.0 1 
6400.0 5340.0 700.0 6 
6400.0 5340.0 1300.0 32 
6400.0 5340.0 3200.0 39 
6400.0 5340.0 3800.0 1 
6400.0 5340.0 4400.0 26 
6400.0 5770.0 100.0 6 
6400.0 5770.0 700.0 9 
6400.0 5770.0 1300.0 39 
6400.0 5770.0 3200.0 44 
6400.0 5770.0 3800.0 5 
6400.0 5770.0 4400.0 32 
7900.0 1900.0 100.0 16 
7900.0 1900.0 700.0 22 
7900.0 1900.0 1300.0 36 
7900.0 1900.0 3200.0 48 
7900.0 1900.0 3800.0 14 
7900.0 1900.0 4400.0 30 
7900.0 2330.0 100.0 8 
7900.0 2330.0 700.0 12 
7900.0 2330.0 1300.0 37 
7900.0 2330.0 3200.0 40 
7900.0 2330.0 3800.0 6 
7900.0 2330.0 4400.0 30 
7900.0 2760.0 100.0 14 
7900.0 2760.0 700.0 19 
7900.0 2760.0 1300.0 52 
7900.0 2760.0 3200.0 44 
7900.0 2760.0 3800.0 14 
7900.0 2760.0 4400.0 43 
7900.0 3190.0 100.0 6 
7900.0 3190.0 700.0 11 
7900.0 3190.0 1300.0 40 
7900.0 3190.0 3200.0 41 
7900.0 3190.0 3800.0 6 
7900.0 3190.0 4400.0 31 
7900.0 3620.0 100.0 0 
7900.0 3620.0 700.0 2 
7900.0 3620.0 1300.0 22 
7900.0 3620.0 3200.0 36 
7900.0 3620.0 3800.0 1 
7900.0 3620.0 4400.0 20 
7900.0 4050.0 100.0 0 
7900.0 4050.0 700.0 0 
7900.0 4050.0 1300.0 25 
7900.0 4050.0 3200.0 48 
7900.0 4050.0 3800.0 0 
7900.0 4050.0 4400.0 24 
7900.0 4480.0 100.0 8 
7900.0 4480.0 700.0 10 
7900.0 4480.0 1300.0 27 
7900.0 4480.0 3200.0 46 
7900.0 4480.0 3800.0 8 
7900.0 4480.0 4400.0 25 
7900.0 4910.0 100.0 1 
7900.0 4910.0 700.0 8 
7900.0 4910.0 1300.0 32 
7900.0 4910.0 3200.0 39 
7900.0 4910.0 3800.0 1 
7900.0 4910.0 4400.0 26 
7900.0 5340.0 100.0 15 
7900.0 5340.0 700.0 16 
7900.0 5340.0 1300.0 62 
7900.0 5340.0 3200.0 52 
7900.0 5340.0 3800.0 11 
7900.0 5340.0 4400.0 52 
7900.0 5770.0 100.0 4 
7900.0 5770.0 700.0 5 
7900.0 5770.0 1300.0 51 
7900.0 5770.0 3200.0 46 
7900.0 5770.0 3800.0 4 
7900.0 5770.0 4400.0 47 
9400.0 1900.0 100.0 10 
9400.0 1900.0 700.0 15 
9400.0 1900.0 1300.0 33 
9400.0 1900.0 3200.0 46 
9400.0 1900.0 3800.0 9 
9400.0 1900.0 4400.0 27 
9400.0 2330.0 100.0 2 
9400.0 2330.0 700.0 7 
9400.0 2330.0 1300.0 33 
9400.0 2330.0 3200.0 37 
9400.0 2330.0 3800.0 3 
9400.0 2330.0 4400.0 27 
9400.0 2760.0 100.0 5 
9400.0 2760.0 700.0 9 
9400.0 2760.0 1300.0 33 
9400.0 2760.0 3200.0 40 
9400.0 2760.0 3800.0 5 
9400.0 2760.0 4400.0 27 
9400.0 3190.0 100.0 7 
9400.0 3190.0 700.0 12 
9400.0 3190.0 1300.0 39 
9400.0 3190.0 3200.0 38 
9400.0 3190.0 3800.0 6 
9400.0 3190.0 4400.0 33 
9400.0 3620.0 100.0 8 
9400.0 3620.0 700.0 17 
9400.0 3620.0 1300.0 44 
9400.0 3620.0 3200.0 41 
9400.0 3620.0 3800.0 9 
9400.0 3620.0 4400.0 37 
9400.0 4050.0 100.0 4 
9400.0 4050.0 700.0 12 
9400.0 4050.0 1300.0 53 
9400.0 4050.0 3200.0 52 
9400.0 4050.0 3800.0 4 
9400.0 4050.0 4400.0 45 
9400.0 4480.0 100.0 0 
9400.0 4480.0 700.0 9 
9400.0 4480.0 1300.0 47 
9400.0 4480.0 3200.0 38 
9400.0 4480.0 3800.0 1 
9400.0 4480.0 4400.0 39 
9400.0 4910.0 100.0 0 
9400.0 4910.0 700.0 5 
9400.0 4910.0 1300.0 37 
9400.0 4910.0 3200.0 38 
9400.0 4910.0 3800.0 0 
9400.0 4910.0 4400.0 32 
9400.0 5340.0 100.0 8 
9400.0 5340.0 700.0 10 
9400.0 5340.0 1300.0 44 
9400.0 5340.0 3200.0 41 
9400.0 5340.0 3800.0 8 
9400.0 5340.0 4400.0 39 
9400.0 5770.0 100.0 0 
9400.0 5770.0 700.0 0 
9400.0 5770.0 1300.0 35 
9400.0 5770.0 3200.0 44 
9400.0 5770.0 3800.0 0 
9400.0 5770.0 4400.0 32 
10900.0 1900.0 100.0 24 
10900.0 1900.0 700.0 34 
10900.0 1900.0 1300.0 44 
10900.0 1900.0 3200.0 48 
10900.0 1900.0 3800.0 20 
10900.0 1900.0 4400.0 32 
10900.0 2330.0 100.0 18 
10900.0 2330.0 700.0 26 
10900.0 2330.0 1300.0 40 
10900.0 2330.0 3200.0 44 
10900.0 2330.0 3800.0 14 
10900.0 2330.0 4400.0 31 
10900.0 2760.0 100.0 14 
10900.0 2760.0 700.0 23 
10900.0 2760.0 1300.0 44 
10900.0 2760.0 3200.0 42 
10900.0 2760.0 3800.0 13 
10900.0 2760.0 4400.0 34 
10900.0 3190.0 100.0 18 
10900.0 3190.0 700.0 21 
10900.0 3190.0 1300.0 32 
10900.0 3190.0 3200.0 45 
10900.0 3190.0 3800.0 17 
10900.0 3190.0 4400.0 26 
10900.0 3620.0 100.0 12 
10900.0 3620.0 700.0 16 
10900.0 3620.0 1300.0 28 
10900.0 3620.0 3200.0 43 
10900.0 3620.0 3800.0 13 
10900.0 3620.0 4400.0 23 
10900.0 4050.0 100.0 8 
10900.0 4050.0 700.0 12 
10900.0 4050.0 1300.0 24 
10900.0 4050.0 3200.0 52 
10900.0 4050.0 3800.0 8 
10900.0 4050.0 4400.0 20 
10900.0 4480.0 100.0 8 
10900.0 4480.0 700.0 14 
10900.0 4480.0 1300.0 37 
10900.0 4480.0 3200.0 42 
10900.0 4480.0 3800.0 9 
10900.0 4480.0 4400.0 33 
10900.0 4910.0 100.0 5 
10900.0 4910.0 700.0 11 
10900.0 4910.0 1300.0 33 
10900.0 4910.0 3200.0 39 
10900.0 4910.0 3800.0 5 
10900.0 4910.0 4400.0 26 
10900.0 5340.0 100.0 6 
10900.0 5340.0 700.0 13 
10900.0 5340.0 1300.0 32 
10900.0 5340.0 3200.0 40 
10900.0 5340.0 3800.0 6 
10900.0 5340.0 4400.0 23 
10900.0 5770.0 100.0 22 
10900.0 5770.0 700.0 26 
10900.0 5770.0 1300.0 42 
10900.0 5770.0 3200.0 48 
10900.0 5770.0 3800.0 20 
10900.0 5770.0 4400.0 33 
12400.0 1900.0 100.0 17 
12400.0 1900.0 700.0 27 
12400.0 1900.0 1300.0 43 
12400.0 1900.0 3200.0 51 
12400.0 1900.0 3800.0 14 
12400.0 1900.0 4400.0 33 
12400.0 2330.0 100.0 16 
12400.0 2330.0 700.0 26 
12400.0 2330.0 1300.0 41 
12400.0 2330.0 3200.0 43 
12400.0 2330.0 3800.0 14 
12400.0 2330.0 4400.0 29 
12400.0 2760.0 100.0 13 
12400.0 2760.0 700.0 20 
12400.0 2760.0 1300.0 45 
12400.0 2760.0 3200.0 46 
12400.0 2760.0 3800.0 13 
12400.0 2760.0 4400.0 35 
12400.0 3190.0 100.0 14 
12400.0 3190.0 700.0 22 
12400.0 3190.0 1300.0 48 
12400.0 3190.0 3200.0 53 
12400.0 3190.0 3800.0 17 
12400.0 3190.0 4400.0 38 
12400.0 3620.0 100.0 8 
12400.0 3620.0 700.0 15 
12400.0 3620.0 1300.0 36 
12400.0 3620.0 3200.0 43 
12400.0 3620.0 3800.0 9 
12400.0 3620.0 4400.0 30 
12400.0 4050.0 100.0 8 
12400.0 4050.0 700.0 16 
12400.0 4050.0 1300.0 36 
12400.0 4050.0 3200.0 50 
12400.0 4050.0 3800.0 8 
12400.0 4050.0 4400.0 29 
12400.0 4480.0 100.0 5 
12400.0 4480.0 700.0 15 
12400.0 4480.0 1300.0 39 
12400.0 4480.0 3200.0 36 
12400.0 4480.0 3800.0 5 
12400.0 4480.0 4400.0 29 
12400.0 4910.0 100.0 0 
12400.0 4910.0 700.0 8 
12400.0 4910.0 1300.0 33 
12400.0 4910.0 3200.0 36 
12400.0 4910.0 3800.0 0 
12400.0 4910.0 4400.0 27 
12400.0 5340.0 100.0 4 
12400.0 5340.0 700.0 8 
12400.0 5340.0 1300.0 36 
12400.0 5340.0 3200.0 39 
12400.0 5340.0 3800.0 4 
12400.0 5340.0 4400.0 31 
12400.0 5770.0 100.0 12 
12400.0 5770.0 700.0 15 
12400.0 5770.0 1300.0 45 
12400.0 5770.0 3200.0 46 
12400.0 5770.0 3800.0 12 
12400.0 5770.0 4400.0 43 
13900.0 1900.0 100.0 16 
13900.0 1900.0 700.0 19 
13900.0 1900.0 1300.0 65 
13900.0 1900.0 3200.0 60 
13900.0 1900.0 3800.0 21 
13900.0 1900.0 4400.0 66 
13900.0 2330.0 100.0 12 
13900.0 2330.0 700.0 14 
13900.0 2330.0 1300.0 41 
13900.0 2330.0 3200.0 52 
13900.0 2330.0 3800.0 17 
13900.0 2330.0 4400.0 42 
13900.0 2760.0 100.0 5 
13900.0 2760.0 700.0 7 
13900.0 2760.0 1300.0 28 
13900.0 2760.0 3200.0 48 
13900.0 2760.0 3800.0 6 
13900.0 2760.0 4400.0 24 
13900.0 3190.0 100.0 1 
13900.0 3190.0 700.0 3 
13900.0 3190.0 1300.0 24 
13900.0 3190.0 3200.0 39 
13900.0 3190.0 3800.0 2 
13900.0 3190.0 4400.0 20 
13900.0 3620.0 100.0 4 
13900.0 3620.0 700.0 8 
13900.0 3620.0 1300.0 37 
13900.0 3620.0 3200.0 40 
13900.0 3620.0 3800.0 5 
13900.0 3620.0 4400.0 32 
13900.0 4050.0 100.0 8 
13900.0 4050.0 700.0 8 
13900.0 4050.0 1300.0 24 
13900.0 4050.0 3200.0 46 
13900.0 4050.0 3800.0 8 
13900.0 4050.0 4400.0 20 
13900.0 4480.0 100.0 4 
13900.0 4480.0 700.0 7 
13900.0 4480.0 1300.0 35 
13900.0 4480.0 3200.0 41 
13900.0 4480.0 3800.0 3 
13900.0 4480.0 4400.0 31 
13900.0 4910.0 100.0 4 
13900.0 4910.0 700.0 5 
13900.0 4910.0 1300.0 20 
13900.0 4910.0 3200.0 41 
13900.0 4910.0 3800.0 4 
13900.0 4910.0 4400.0 21 
13900.0 5340.0 100.0 3 
13900.0 5340.0 700.0 3 
13900.0 5340.0 1300.0 24 
13900.0 5340.0 3200.0 39 
13900.0 5340.0 3800.0 5 
13900.0 5340.0 4400.0 26 
13900.0 5770.0 100.0 1 
13900.0 5770.0 700.0 1 
13900.0 5770.0 1300.0 21 
13900.0 5770.0 3200.0 41 
13900.0 5770.0 3800.0 3 
13900.0 5770.0 4400.0 22 
