1 160000.0 25000.0 26000
2 110000.00000000001 111602.54037844385 27000
3 10000.000000000022 111602.54037844388 28000
4 -40000.0 25000.00000000001 24000
5 9999.999999999956 -61602.54037844384 23000
6 110000.0 -61602.54037844385 22000
101 15000 15000 2300.0
102 45000 35000 2400.0
103 75000 15000 2500.0
104 105000 30000 2600.0
105 15000 15000 8300.0
106 45000 35000 8400.0
107 75000 15000 8500.0
108 105000 30000 8600.0
109 15000 15000 14300.0
110 45000 35000 14400.0
111 75000 15000 14500.0
112 105000 30000 14600.0
113 15000 15000 20300.0
114 45000 35000 20400.0
115 75000 15000 20500.0
116 105000 30000 20600.0