1 -67100 -71050 1500
2 -67100 -71050 3000
3 -67100 -71050 4500
4 -67100 -71050 6000
5 -67100 -41050 1500
6 -67100 -41050 3000
7 -67100 -41050 4500
8 -67100 -41050 6000
9 -67100 -11050 1500
10 -67100 -11050 3000
11 -67100 -11050 4500
12 -67100 -11050 6000
13 -67100 18950 1500
14 -67100 18950 3000
15 -67100 18950 4500
16 -67100 18950 6000
17 -67100 48950 1500
18 -67100 48950 3000
19 -67100 48950 4500
20 -67100 48950 6000
21 -37100 -71050 1500
22 -37100 -71050 3000
23 -37100 -71050 4500
24 -37100 -71050 6000
25 -37100 -41050 1500
26 -37100 -41050 3000
27 -37100 -41050 4500
28 -37100 -41050 6000
29 -37100 -11050 1500
30 -37100 -11050 3000
31 -37100 -11050 4500
32 -37100 -11050 6000
33 -37100 18950 1500
34 -37100 18950 3000
35 -37100 18950 4500
36 -37100 18950 6000
37 -37100 48950 1500
38 -37100 48950 3000
39 -37100 48950 4500
40 -37100 48950 6000
41 -7100 -71050 1500
42 -7100 -71050 3000
43 -7100 -71050 4500
44 -7100 -71050 6000
45 -7100 -41050 1500
46 -7100 -41050 3000
47 -7100 -41050 4500
48 -7100 -41050 6000
49 -7100 -11050 1500
50 -7100 -11050 3000
51 -7100 -11050 4500
52 -7100 -11050 6000
53 -7100 18950 1500
54 -7100 18950 3000
55 -7100 18950 4500
56 -7100 18950 6000
57 -7100 48950 1500
58 -7100 48950 3000
59 -7100 48950 4500
60 -7100 48950 6000
61 22900 -71050 1500
62 22900 -71050 3000
63 22900 -71050 4500
64 22900 -71050 6000
65 22900 -41050 1500
66 22900 -41050 3000
67 22900 -41050 4500
68 22900 -41050 6000
69 22900 -11050 1500
70 22900 -11050 3000
71 22900 -11050 4500
72 22900 -11050 6000
73 22900 18950 1500
74 22900 18950 3000
75 22900 18950 4500
76 22900 18950 6000
77 22900 48950 1500
78 22900 48950 3000
79 22900 48950 4500
80 22900 48950 6000
81 52900 -71050 1500
82 52900 -71050 3000
83 52900 -71050 4500
84 52900 -71050 6000
85 52900 -41050 1500
86 52900 -41050 3000
87 52900 -41050 4500
88 52900 -41050 6000
89 52900 -11050 1500
90 52900 -11050 3000
91 52900 -11050 4500
92 52900 -11050 6000
93 52900 18950 1500
94 52900 18950 3000
95 52900 18950 4500
96 52900 18950 6000
97 52900 48950 1500
98 52900 48950 3000
99 52900 48950 4500
100 52900 48950 6000
