10001 187.96309389889 940.58582187937 4500 
10002 711.201256789838 1609.10586464242 4500 
10003 1374.50764632998 5900 4500 
10004 2120.12882359578 6184.40366910007 4500 
10005 7110.04385836359 3954.87539157881 4500 
10006 13367.8940018072 3649.81058554364 4500 
10007 16800 5599.94727820061 4500 
10008 6882.0326576597 4214.41447995004 4500 
10009 5143.00450701701 3004.85574296178 4500 
10010 2069.76188112476 1576.58124393885 4500 
10011 1134.3748980051 1127.22977009157 4500 
10012 73.6760175118327 1878.02241582848 4500 
10013 1398.60785836905 6166.75413605652 4500 
10014 800 3054.45631458372 4500 
10015 800 3130.92557006607 4500 
10016 4418.15741489779 3622.01044257733 4500 
10017 4675.38626808578 4213.85829255156 4500 
10018 5997.93931927058 5035.96714827856 4500 
10019 800 915.169908772636 4500 
10020 800 301.879885079757 4500 
10021 2611.13269747162 1115.06200212936 4500 
10022 749.082565741876 1830.13333835658 4500 
10023 800 1646.8554260655 4500 
10024 7390.06627544791 2007.91291153897 4500 
10025 800 2631.92648288601 4500 
10026 800 3013.49831141584 4500 
10027 3576.50603483204 4262.26007036596 4500 
10028 800 3778.87136758052 4500 
10029 7433.42938555767 5991.39650183362 4500 
10030 800 5948.90986436771 4500 
10031 1261.49563096488 1180.00196888324 4500 
10032 1009.21045073922 1664.3656385436 4500 
10033 1264.44816513859 1204.8545678916 4500 
10034 800 1722.92953388495 4500 
10035 79.581605858241 2274.56617280535 4500 
10036 16567.0841523223 4313.22340187209 4500 
10037 800 3753.80955122665 4500 
10038 800 4550.40761585565 4500 
10039 1277.43674354836 5638.20264159721 4500 
10040 1045.72478929872 6206.52218066606 4500 
10041 1400.48162761319 640.769434624247 4500 
10042 1843.66560519202 1557.45361543695 4500 
10043 1669.38397853959 1638.04291234365 4500 
10044 1817.14986307024 1988.42810658639 4500 
10045 2362.57283407829 2418.28777839471 4500 
10046 2234.0706702248 3604.20157618106 4500 
10047 800 4583.83607588805 4500 
10048 2482.47553684382 4712.04414274504 4500 
10049 2512.78421162711 5484.82946129104 4500 
10050 2357.44505609168 5900 4500 
10051 1685.83154203899 238.527105715445 4500 
10052 2952.57374156941 1554.68085284317 4500 
10053 1200.17715743094 1307.37076599548 4500 
10054 1763.6822225954 1843.98386598798 4500 
10055 3659.24357456301 2835.84193818553 4500 
10056 3031.38538493943 3552.365216619 4500 
10057 3408.53966182889 4013.29193467543 4500 
10058 2265.640473031 4706.46591872888 4500 
10059 2252.37303507887 4925.55177152722 4500 
10060 2378.28776910863 6334.67065008275 4500 
10061 3171.74085773875 1074.74773993122 4500 
10062 3434.59370606637 1536.4078296098 4500 
10063 1881.74058605496 1186.99606656735 4500 
10064 3688.8463270519 2494.72983238395 4500 
10065 3721.93103185596 3163.48130509779 4500 
10066 4208.553102306 3680.5445066236 4500 
10067 1134.60124493211 4213.42808495483 4500 
10068 2475.55126296824 4658.79457363646 4500 
10069 3814.9315264057 5265.97831470706 4500 
10070 3354.98690995446 5552.3868517634 4500 
10071 3849.70881289241 1162.63213877489 4500 
10072 3737.6149561993 1528.85133177079 4500 
10073 3213.41912946065 1878.73507609842 4500 
10074 7277.50185312475 2665.92462746016 4500 
10075 800 3075.87060364898 4500 
10076 800 3629.42399884511 4500 
10077 800 3975.34783659159 4500 
10078 1256.29664874487 4517.69341293584 4500 
10079 800 4427.12011721223 4500 
10080 14097.5930073712 5900 4500 
10081 4568.8037283652 562.248765920355 4500 
10082 4245.95023511475 1689.15754057285 4500 
10083 800 5399.27142715605 4500 
10084 11388.9079462376 3151.78685628909 4500 
10085 4263.92870619924 5301.52025223197 4500 
10086 16800 4778.55706649413 4500 
10087 800 3905.00453350052 4500 
10088 2888.56016360706 3835.1837188254 4500 
10089 800 800 4500 
10090 800 1803.0898969089 4500 
10091 4684.06579771245 3588.70250356637 4500 
10092 4945.83706568404 1479.49723263268 4500 
10093 1308.37393551557 6221.23452901167 4500 
10094 4226.29447707684 4937.42599037866 4500 
10095 800 5962.50371784304 4500 
10096 2261.8223945105 4345.81053496559 4500 
10097 16800 4511.77953168204 4500 
10098 5204.31362895997 1481.28787746352 4500 
10099 800 1823.03727659123 4500 
10100 5079.66337493503 1621.18153196349 4500 
10101 5491.42458186785 853.650609390407 4500 
10102 5048.64321062135 1151.93160581341 4500 
10103 5422.32190016042 6377.42752161041 4500 
10104 5737.68568291248 6004.87517067711 4500 
10105 4870.37302770379 5205.08086100097 4500 
10106 6605.96947879718 4185.91099040297 4500 
10107 7345.29817544388 3698.1647861063 4500 
10108 6587.98098656308 1957.10908549113 4500 
10109 3903.66309319374 2127.26149081564 4500 
10110 5246.17735592209 1451.20574733035 4500 
10111 5491.42458186785 853.650609390407 4500 
10112 5783.74997499429 2075.78685759347 4500 
10121 6429.6695256052 1182.77820435284 4500 
10122 7354.28891562381 1703.83618655247 4500 
10123 9315.85356773152 5963.37968958145 4500 
10124 800 3058.10664038488 4500 
10125 16800 4434.28105988247 4500 
10126 10253.0218454504 3502.07070823032 4500 
10127 3222.3977417102 3846.49031888458 4500 
10128 11647.9733859601 4819.50190835901 4500 
10129 800 800 4500 
10130 800 870.171747812091 4500 
10131 6438.45725644835 1262.87588175007 4500 
10132 6323.92468026363 1701.80205365956 4500 
10133 8688.46150503946 1476.86969786114 4500 
10134 11525.2265574348 2171.00219734667 4500 
10135 13399.4897656669 3164.049750305 4500 
10136 11144.3599931826 3578.05931729834 4500 
10137 14415.8118717817 4350.43532936312 4500 
10138 12381.2111175321 4648.97423047202 4500 
10139 9498.83846355979 5229.9084575195 4500 
10140 8911.00911856247 5874.66544810474 4500 
10141 6588.07112870296 1095.42713469316 4500 
10142 6379.41226727361 1696.53578333889 4500 
10143 7071.71728669673 1281.66463825972 4500 
10144 7151.29037868827 2415.79562025203 4500 
10145 9363.19812766035 2950.09287064673 4500 
10146 7905.25276512441 3752.67690931155 4500 
10147 16800 4115.76421623344 4500 
10148 7816.45604358294 4647.20379187359 4500 
10149 16800 5702.76901530498 4500 
10150 7056.20859844278 5687.04720436424 4500 
10151 7870.30902003729 1311.46827375667 4500 
10152 7429.29418012704 1381.51554492807 4500 
10153 7638.21715180691 1694.79240582002 4500 
10154 7703.78705945886 2214.41063731684 4500 
10155 7382.88818478929 2660.13959778201 4500 
10156 7416.72008957942 3646.51012213064 4500 
10157 16800 800 4500 
10158 7713.11553700001 4924.06058510087 4500 
10159 7495.77044771152 5384.94115286219 4500 
10160 7756.61176068504 5784.70208426987 4500 
10161 8544.91091844485 1235.85919561339 4500 
10162 8235.754233597 1604.62957501759 4500 
10163 7920.29971985867 1856.69853948934 4500 
10164 8755.48522308924 2571.58698741628 4500 
10165 9227.19970004951 3075.35896749735 4500 
10166 7813.95622414392 3751.23175641737 4500 
10167 6687.80915495856 4303.5010002797 4500 
10168 8360.31041149249 4393.17691270807 4500 
10169 8563.35900821055 4974.34169192829 4500 
10170 8706.44492614549 5420.01920810666 4500 
10171 8540.54821875786 624.757006877193 4500 
10172 8164.65194211517 1185.36932666158 4500 
10173 9028.64988033308 1870.35756730502 4500 
10174 3494.76570788129 2376.07018949785 4500 
10175 9066.95261090315 3171.94718101582 4500 
10176 9212.38080490023 3518.17078279876 4500 
10177 11590.4736107328 4288.3052428672 4500 
10178 8288.80465603725 4630.81553995394 4500 
10179 8858.34999019672 5139.71197850265 4500 
10180 9159.22011164696 5637.34613422154 4500 
10181 9356.12740145516 1355.80040885211 4500 
10182 9373.78381976529 1385.80910996313 4500 
10183 12554.7776537464 2024.71664627556 4500 
10184 6439.19335903442 2326.85778000663 4500 
10185 2854.24088564485 2955.48031440382 4500 
10186 4287.30020268268 3423.39014844168 4500 
10187 7968.1376584088 4097.91615904388 4500 
10188 3141.42673551258 4470.60679588517 4500 
10189 2620.44900243977 4979.19903147191 4500 
10190 6372.50376445697 5698.62630936282 4500 
10191 9410.36471021278 3766.71903840996 4500 
10192 9767.47334751961 1688.7058895365 4500 
10193 8002.42978215399 6189.60487525405 4500 
10194 800 3127.45222200032 4500 
10195 8806.21081134479 5463.21302372556 4500 
10196 800 3329.6982826833 4500 
10197 719.012863966791 3800.76415519412 4500 
10198 5031.04625743475 2956.19592531691 4500 
10199 800 326.520488819135 4500 
10200 800 1584.64554935518 4500 
10201 10059.0657749648 800 4500 
10202 9848.02252452725 1281.76392762256 4500 
10203 14798.2135586838 6254.04130056364 4500 
10204 12306.9973141416 5591.52752220407 4500 
10205 800 4566.60991272057 4500 
10206 800 3375.60740931509 4500 
10207 9228.73691025691 4337.77623749569 4500 
10208 11897.3080227991 4709.15222753982 4500 
10209 16800 2801.93064063462 4500 
10210 9087.8356514588 2265.02520880669 4500 
10211 10604.3959110942 779.849793467289 4500 
10212 10389.8025229163 1761.59166066062 4500 
10213 -1000 -1000 -1000 
10214 -1000 -1000 -1000 
10215 -1000 -1000 -1000 
10216 7615.69416064243 6062.94816146989 4500 
10217 5865.73800751521 3928.93386932434 4500 
10218 7061.11327128806 3348.91300768403 4500 
10219 -1000 -1000 -1000 
10220 8900.00000000847 1990.03713722605 4500 
10221 11291.2681540967 800 4500 
10222 10802.9657626576 1667.2065321785 4500 
10223 17226.2371388038 6033.65820543462 4500 
10224 11888.4718958168 5828.66362569735 4500 
10225 16800 6022.24872567195 4500 
10226 16800 5944.34897758392 4500 
10227 16780.9162435481 5582.91805755708 4500 
10228 12309.081914724 4364.24634604548 4500 
10229 13054.3476081142 1719.56936591832 4500 
10230 -1000 -1000 -1000 
10231 11291.2681540967 800 4500 
10232 11237.2803450705 6396.12231035506 4500 
10233 4185.81182770939 5900 4500 
10234 14632.7832637054 5813.72813672211 4500 
10235 13036.5977266347 5628.24389731681 4500 
10236 14981.3053062303 6312.55294485869 4500 
10237 11928.662807112 4227.74567392398 4500 
10238 16800 5511.1459110382 4500 
10239 16800 6213.65210972479 4500 
10240 800 1790.50811660647 4500 
10241 12371.4781741858 1267.92106216069 4500 
10242 11426.7727782001 1987.27161913724 4500 
10243 10472.2533039535 5920.78963695425 4500 
10244 7846.43023556038 5814.61261411303 4500 
10245 800 4207.27213873547 4500 
10246 16164.6391095351 4621.74609070956 4500 
10247 16800 4821.01490530826 4500 
10248 800 3636.76118989502 4500 
10249 800 4355.56464378849 4500 
10250 16800 6208.47962954653 4500 
10251 13105.8177777731 946.748141310429 4500 
10252 13409.4846416901 1577.64344045259 4500 
10253 17543.8095692174 2073.55983720868 4500 
10254 17311.7371185477 2767.98887212457 4500 
10255 15538.7444226919 3204.53598807594 4500 
10256 16800 3691.51497170838 4500 
10257 15811.9723463768 4132.39729604175 4500 
10258 13461.3138455186 4656.00274811181 4500 
10259 15474.2063743495 5305.99772880911 4500 
10260 13678.8937112206 6157.5941038112 4500 
10261 13258.6854918914 889.082239105299 4500 
10262 14053.548272621 1342.08510490758 4500 
10263 15313.826852677 1985.83920446922 4500 
10264 16800 2716.15379978248 4500 
10265 16800 3141.53797672405 4500 
10266 16800 3816.25514126009 4500 
10267 16800 4404.14617519252 4500 
10268 16151.3369799648 4841.11478415288 4500 
10269 13792.0511322275 5426.47846173831 4500 
10270 13612.0196867591 6095.07396775229 4500 
10271 14578.3057020286 927.09255761973 4500 
10272 14828.2055234966 1380.49883695879 4500 
10273 13895.7597540911 1584.27065478168 4500 
10274 14262.4363787935 2242.0388304793 4500 
10275 128.525184037187 2643.61253559127 4500 
10276 17514.951199783 3833.58317798159 4500 
10277 13394.4065132929 4227.53514536686 4500 
10278 13904.3113351288 4915.05052708491 4500 
10279 13337.1442903315 5445.55007053487 4500 
10280 13831.6553292899 6160.24003822217 4500 
10281 13890.3434789226 497.151016086363 4500 
10282 13468.8301488633 766.004999744958 4500 
10283 13145.5175144677 1293.84567828124 4500 
10284 12740.6488072402 1996.00340081923 4500 
10285 12431.0076162623 2264.07528680044 4500 
10286 12465.5367338678 2848.2684437585 4500 
10287 11901.3920062667 4339.43407375547 4500 
10288 14870.6645477149 4974.24540138444 4500 
10289 16637.9260585339 5598.44566840403 4500 
10290 14565.7857086764 6203.39226211422 4500 
10291 14060.0068142077 739.807058302375 4500 
10292 14802.3683029067 880.398869755808 4500 
10293 13635.0863773573 1516.76379322641 4500 
10294 14026.8690216081 2065.90996123659 4500 
10295 13634.2247899781 2556.52453339289 4500 
10296 15411.7525995089 3583.61264502781 4500 
10297 15700.5819156124 4430.58233066355 4500 
10298 10937.4201331252 4436.02157343226 4500 
10299 15770.0200939381 5631.46214786879 4500 
10300 16160.565847612 5900 4500 
