0.0 0.0 -1.0 4200.000000000001 4 3899.9999999999995 1549.9999999999995 4200.000000000001 2900.0 1549.9999999999995 4200.000000000001 2900.0 1649.9999999999993 4200.000000000001 3899.9999999999995 1649.9999999999993 4200.000000000001 3 99999.99999999978
-0.0 1.0 -0.0 -1649.9999999999993 4 3899.9999999999995 1649.9999999999993 4200.000000000001 2900.0 1649.9999999999993 4200.000000000001 2900.0 1649.9999999999993 5700.0 3899.9999999999995 1649.9999999999993 5700.0 3 1499999.999999999
-0.0 -0.0 1.0 -5700.0 4 2900.0 1549.9999999999995 5700.0 3899.9999999999995 1549.9999999999995 5700.0 3899.9999999999995 1649.9999999999993 5700.0 2900.0 1649.9999999999993 5700.0 3 99999.99999999978
0.0 -1.0 0.0 1549.9999999999995 4 2900.0 1549.9999999999995 4200.000000000001 3899.9999999999995 1549.9999999999995 4200.000000000001 3899.9999999999995 1549.9999999999995 5700.0 2900.0 1549.9999999999995 5700.0 3 1499999.999999999
-1.0 0.0 0.0 2900.0 4 2900.0 1649.9999999999993 4200.000000000001 2900.0 1549.9999999999995 4200.000000000001 2900.0 1549.9999999999995 5700.0 2900.0 1649.9999999999993 5700.0 3 149999.9999999997
1.0 -0.0 -0.0 -3899.9999999999995 4 3899.9999999999995 1549.9999999999995 4200.000000000001 3899.9999999999995 1649.9999999999993 4200.000000000001 3899.9999999999995 1649.9999999999993 5700.0 3899.9999999999995 1549.9999999999995 5700.0 3 149999.9999999997
0.0 0.0 -1.0 1100.0000000000002 4 3899.9999999999986 1549.9999999999995 1100.0000000000002 2899.999999999999 1549.9999999999995 1100.0000000000002 2899.999999999999 1649.9999999999993 1100.0000000000002 3899.9999999999986 1649.9999999999993 1100.0000000000002 3 99999.99999999978
-0.0 1.0 -0.0 -1649.9999999999993 4 3899.9999999999986 1649.9999999999993 1100.0000000000002 2899.999999999999 1649.9999999999993 1100.0000000000002 2899.999999999999 1649.9999999999993 2600.0 3899.9999999999986 1649.9999999999993 2600.0 3 1499999.999999999
-0.0 -0.0 1.0 -2600.0 4 2899.999999999999 1549.9999999999995 2600.0 3899.9999999999986 1549.9999999999995 2600.0 3899.9999999999986 1649.9999999999993 2600.0 2899.999999999999 1649.9999999999993 2600.0 3 99999.99999999978
0.0 -1.0 0.0 1549.9999999999995 4 2899.999999999999 1549.9999999999995 1100.0000000000002 3899.9999999999986 1549.9999999999995 1100.0000000000002 3899.9999999999986 1549.9999999999995 2600.0 2899.999999999999 1549.9999999999995 2600.0 3 1499999.999999999
-1.0 0.0 0.0 2899.999999999999 4 2899.999999999999 1649.9999999999993 1100.0000000000002 2899.999999999999 1549.9999999999995 1100.0000000000002 2899.999999999999 1549.9999999999995 2600.0 2899.999999999999 1649.9999999999993 2600.0 3 149999.9999999997
1.0 -0.0 -0.0 -3899.9999999999986 4 3899.9999999999986 1549.9999999999995 1100.0000000000002 3899.9999999999986 1649.9999999999993 1100.0000000000002 3899.9999999999986 1649.9999999999993 2600.0 3899.9999999999986 1549.9999999999995 2600.0 3 149999.9999999997
0.0 0.0 -1.0 4200.000000000001 4 9100.0 1549.9999999999995 4200.000000000001 8100.0 1549.9999999999995 4200.000000000001 8100.0 1649.9999999999993 4200.000000000001 9100.0 1649.9999999999993 4200.000000000001 3 99999.99999999974
-0.0 1.0 -0.0 -1649.9999999999993 4 9100.0 1649.9999999999993 4200.000000000001 8100.0 1649.9999999999993 4200.000000000001 8100.0 1649.9999999999993 5700.0 9100.0 1649.9999999999993 5700.0 3 1499999.9999999986
-0.0 -0.0 1.0 -5700.0 4 8100.0 1549.9999999999995 5700.0 9100.0 1549.9999999999995 5700.0 9100.0 1649.9999999999993 5700.0 8100.0 1649.9999999999993 5700.0 3 99999.99999999974
0.0 -1.0 0.0 1549.9999999999995 4 8100.0 1549.9999999999995 4200.000000000001 9100.0 1549.9999999999995 4200.000000000001 9100.0 1549.9999999999995 5700.0 8100.0 1549.9999999999995 5700.0 3 1499999.9999999986
-1.0 0.0 0.0 8100.0 4 8100.0 1649.9999999999993 4200.000000000001 8100.0 1549.9999999999995 4200.000000000001 8100.0 1549.9999999999995 5700.0 8100.0 1649.9999999999993 5700.0 3 149999.9999999997
1.0 -0.0 -0.0 -9100.0 4 9100.0 1549.9999999999995 4200.000000000001 9100.0 1649.9999999999993 4200.000000000001 9100.0 1649.9999999999993 5700.0 9100.0 1549.9999999999995 5700.0 3 149999.9999999997
0.0 0.0 -1.0 1100.0000000000007 4 9100.0 1549.9999999999995 1100.0000000000007 8100.0 1549.9999999999995 1100.0000000000007 8100.0 1649.9999999999993 1100.0000000000007 9100.0 1649.9999999999993 1100.0000000000007 3 99999.99999999974
-0.0 1.0 -0.0 -1649.9999999999993 4 9100.0 1649.9999999999993 1100.0000000000007 8100.0 1649.9999999999993 1100.0000000000007 8100.0 1649.9999999999993 2600.0000000000005 9100.0 1649.9999999999993 2600.0000000000005 3 1499999.9999999986
-0.0 -0.0 1.0 -2600.0000000000005 4 8100.0 1549.9999999999995 2600.0000000000005 9100.0 1549.9999999999995 2600.0000000000005 9100.0 1649.9999999999993 2600.0000000000005 8100.0 1649.9999999999993 2600.0000000000005 3 99999.99999999974
0.0 -1.0 0.0 1549.9999999999995 4 8100.0 1549.9999999999995 1100.0000000000007 9100.0 1549.9999999999995 1100.0000000000007 9100.0 1549.9999999999995 2600.0000000000005 8100.0 1549.9999999999995 2600.0000000000005 3 1499999.9999999986
-1.0 0.0 0.0 8100.0 4 8100.0 1649.9999999999993 1100.0000000000007 8100.0 1549.9999999999995 1100.0000000000007 8100.0 1549.9999999999995 2600.0000000000005 8100.0 1649.9999999999993 2600.0000000000005 3 149999.9999999997
1.0 -0.0 -0.0 -9100.0 4 9100.0 1549.9999999999995 1100.0000000000007 9100.0 1649.9999999999993 1100.0000000000007 9100.0 1649.9999999999993 2600.0000000000005 9100.0 1549.9999999999995 2600.0000000000005 3 149999.9999999997
0.0 0.0 -1.0 1100.0000000000007 4 14300.0 1549.9999999999995 1100.0000000000007 13299.999999999998 1549.9999999999995 1100.0000000000007 13299.999999999998 1649.9999999999993 1100.0000000000007 14300.0 1649.9999999999993 1100.0000000000007 3 99999.99999999988
-0.0 1.0 -0.0 -1649.9999999999993 4 14300.0 1649.9999999999993 1100.0000000000007 13299.999999999998 1649.9999999999993 1100.0000000000007 13299.999999999998 1649.9999999999993 2600.0000000000005 14300.0 1649.9999999999993 2600.0000000000005 3 1500000.0000000007
-0.0 -0.0 1.0 -2600.0000000000005 4 13299.999999999998 1549.9999999999995 2600.0000000000005 14300.0 1549.9999999999995 2600.0000000000005 14300.0 1649.9999999999993 2600.0000000000005 13299.999999999998 1649.9999999999993 2600.0000000000005 3 99999.99999999988
0.0 -1.0 0.0 1549.9999999999995 4 13299.999999999998 1549.9999999999995 1100.0000000000007 14300.0 1549.9999999999995 1100.0000000000007 14300.0 1549.9999999999995 2600.0000000000005 13299.999999999998 1549.9999999999995 2600.0000000000005 3 1500000.0000000007
-1.0 0.0 0.0 13299.999999999998 4 13299.999999999998 1649.9999999999993 1100.0000000000007 13299.999999999998 1549.9999999999995 1100.0000000000007 13299.999999999998 1549.9999999999995 2600.0000000000005 13299.999999999998 1649.9999999999993 2600.0000000000005 3 149999.9999999997
1.0 -0.0 -0.0 -14300.0 4 14300.0 1549.9999999999995 1100.0000000000007 14300.0 1649.9999999999993 1100.0000000000007 14300.0 1649.9999999999993 2600.0000000000005 14300.0 1549.9999999999995 2600.0000000000005 3 149999.9999999997
0.0 0.0 -1.0 4200.000000000001 4 14300.0 1549.9999999999995 4200.000000000001 13299.999999999998 1549.9999999999995 4200.000000000001 13299.999999999998 1649.9999999999993 4200.000000000001 14300.0 1649.9999999999993 4200.000000000001 3 99999.99999999988
-0.0 1.0 -0.0 -1649.9999999999993 4 14300.0 1649.9999999999993 4200.000000000001 13299.999999999998 1649.9999999999993 4200.000000000001 13299.999999999998 1649.9999999999993 5700.0 14300.0 1649.9999999999993 5700.0 3 1500000.0000000007
-0.0 -0.0 1.0 -5700.0 4 13299.999999999998 1549.9999999999995 5700.0 14300.0 1549.9999999999995 5700.0 14300.0 1649.9999999999993 5700.0 13299.999999999998 1649.9999999999993 5700.0 3 99999.99999999988
0.0 -1.0 0.0 1549.9999999999995 4 13299.999999999998 1549.9999999999995 4200.000000000001 14300.0 1549.9999999999995 4200.000000000001 14300.0 1549.9999999999995 5700.0 13299.999999999998 1549.9999999999995 5700.0 3 1500000.0000000007
-1.0 0.0 0.0 13299.999999999998 4 13299.999999999998 1649.9999999999993 4200.000000000001 13299.999999999998 1549.9999999999995 4200.000000000001 13299.999999999998 1549.9999999999995 5700.0 13299.999999999998 1649.9999999999993 5700.0 3 149999.9999999997
1.0 -0.0 -0.0 -14300.0 4 14300.0 1549.9999999999995 4200.000000000001 14300.0 1649.9999999999993 4200.000000000001 14300.0 1649.9999999999993 5700.0 14300.0 1549.9999999999995 5700.0 3 149999.9999999997
-0.0 -0.0 1.0 -5700.0 4 14300.0 6250.000000000001 5700.0 14300.0 6350.0 5700.0 11799.999999999998 6350.0 5700.0 11799.999999999998 6250.000000000001 5700.0 3 249999.99999999913
1.0 -0.0 -0.0 -14300.0 4 14300.0 6250.000000000001 4200.0 14300.0 6350.0 4200.0 14300.0 6350.0 5700.0 14300.0 6250.000000000001 5700.0 3 149999.9999999995
0.0 -1.0 0.0 6250.000000000001 4 11799.999999999998 6250.000000000001 4200.0 14300.0 6250.000000000001 4200.0 14300.0 6250.000000000001 5700.0 11799.999999999998 6250.000000000001 5700.0 3 3750000.0000000014
-0.0 1.0 -0.0 -6350.0 4 14300.0 6350.0 4200.0 11799.999999999998 6350.0 4200.0 11799.999999999998 6350.0 5700.0 14300.0 6350.0 5700.0 3 3750000.0000000014
-1.0 0.0 0.0 11799.999999999998 4 11799.999999999998 6350.0 4200.0 11799.999999999998 6250.000000000001 4200.0 11799.999999999998 6250.000000000001 5700.0 11799.999999999998 6350.0 5700.0 3 149999.9999999995
0.0 0.0 -1.0 4200.0 4 14300.0 6350.0 4200.0 14300.0 6250.000000000001 4200.0 11799.999999999998 6250.000000000001 4200.0 11799.999999999998 6350.0 4200.0 3 249999.99999999913
-0.0 -0.0 1.0 -2600.0000000000005 4 14300.0 6250.000000000001 2600.0000000000005 14300.0 6350.0 2600.0000000000005 11799.999999999998 6350.0 2600.0000000000005 11799.999999999998 6250.000000000001 2600.0000000000005 3 249999.99999999913
1.0 -0.0 -0.0 -14300.0 4 14300.0 6250.000000000001 1100.0 14300.0 6350.0 1100.0 14300.0 6350.0 2600.0000000000005 14300.0 6250.000000000001 2600.0000000000005 3 149999.9999999995
0.0 -1.0 0.0 6250.000000000001 4 11799.999999999998 6250.000000000001 1100.0 14300.0 6250.000000000001 1100.0 14300.0 6250.000000000001 2600.0000000000005 11799.999999999998 6250.000000000001 2600.0000000000005 3 3750000.0000000014
-0.0 1.0 -0.0 -6350.0 4 14300.0 6350.0 1100.0 11799.999999999998 6350.0 1100.0 11799.999999999998 6350.0 2600.0000000000005 14300.0 6350.0 2600.0000000000005 3 3750000.0000000014
-1.0 0.0 0.0 11799.999999999998 4 11799.999999999998 6350.0 1100.0 11799.999999999998 6250.000000000001 1100.0 11799.999999999998 6250.000000000001 2600.0000000000005 11799.999999999998 6350.0 2600.0000000000005 3 149999.9999999995
0.0 0.0 -1.0 1100.0 4 14300.0 6350.0 1100.0 14300.0 6250.000000000001 1100.0 11799.999999999998 6250.000000000001 1100.0 11799.999999999998 6350.0 1100.0 3 249999.99999999913
-0.0 -0.0 1.0 -2600.0000000000005 4 9100.0 6250.000000000001 2600.0000000000005 9100.0 6350.0 2600.0000000000005 6599.999999999999 6350.0 2600.0000000000005 6599.999999999999 6250.000000000001 2600.0000000000005 3 249999.99999999913
1.0 -0.0 -0.0 -9100.0 4 9100.0 6250.000000000001 1100.0 9100.0 6350.0 1100.0 9100.0 6350.0 2600.0000000000005 9100.0 6250.000000000001 2600.0000000000005 3 149999.9999999995
0.0 -1.0 0.0 6250.000000000001 4 6599.999999999999 6250.000000000001 1100.0 9100.0 6250.000000000001 1100.0 9100.0 6250.000000000001 2600.0000000000005 6599.999999999999 6250.000000000001 2600.0000000000005 3 3750000.0000000014
-0.0 1.0 -0.0 -6350.0 4 9100.0 6350.0 1100.0 6599.999999999999 6350.0 1100.0 6599.999999999999 6350.0 2600.0000000000005 9100.0 6350.0 2600.0000000000005 3 3750000.0000000014
-1.0 0.0 0.0 6599.999999999999 4 6599.999999999999 6350.0 1100.0 6599.999999999999 6250.000000000001 1100.0 6599.999999999999 6250.000000000001 2600.0000000000005 6599.999999999999 6350.0 2600.0000000000005 3 149999.9999999995
0.0 0.0 -1.0 1100.0 4 9100.0 6350.0 1100.0 9100.0 6250.000000000001 1100.0 6599.999999999999 6250.000000000001 1100.0 6599.999999999999 6350.0 1100.0 3 249999.99999999913
-0.0 -0.0 1.0 -5699.999999999999 4 9100.0 6250.000000000001 5699.999999999999 9100.0 6350.0 5699.999999999999 6599.999999999999 6350.0 5699.999999999999 6599.999999999999 6250.000000000001 5699.999999999999 3 249999.99999999913
1.0 -0.0 -0.0 -9100.0 4 9100.0 6250.000000000001 4199.999999999999 9100.0 6350.0 4199.999999999999 9100.0 6350.0 5699.999999999999 9100.0 6250.000000000001 5699.999999999999 3 149999.9999999995
0.0 -1.0 0.0 6250.000000000001 4 6599.999999999999 6250.000000000001 4199.999999999999 9100.0 6250.000000000001 4199.999999999999 9100.0 6250.000000000001 5699.999999999999 6599.999999999999 6250.000000000001 5699.999999999999 3 3750000.0000000014
-0.0 1.0 -0.0 -6350.0 4 9100.0 6350.0 4199.999999999999 6599.999999999999 6350.0 4199.999999999999 6599.999999999999 6350.0 5699.999999999999 9100.0 6350.0 5699.999999999999 3 3750000.0000000014
-1.0 0.0 0.0 6599.999999999999 4 6599.999999999999 6350.0 4199.999999999999 6599.999999999999 6250.000000000001 4199.999999999999 6599.999999999999 6250.000000000001 5699.999999999999 6599.999999999999 6350.0 5699.999999999999 3 149999.9999999995
0.0 0.0 -1.0 4199.999999999999 4 9100.0 6350.0 4199.999999999999 9100.0 6250.000000000001 4199.999999999999 6599.999999999999 6250.000000000001 4199.999999999999 6599.999999999999 6350.0 4199.999999999999 3 249999.99999999913
-0.0 -0.0 1.0 -5699.999999999999 4 3900.0000000000005 6250.000000000001 5699.999999999999 3900.0000000000005 6350.0 5699.999999999999 1400.0 6350.0 5699.999999999999 1400.0 6250.000000000001 5699.999999999999 3 249999.99999999913
1.0 -0.0 -0.0 -3900.0000000000005 4 3900.0000000000005 6250.000000000001 4199.999999999999 3900.0000000000005 6350.0 4199.999999999999 3900.0000000000005 6350.0 5699.999999999999 3900.0000000000005 6250.000000000001 5699.999999999999 3 149999.9999999995
0.0 -1.0 0.0 6250.000000000001 4 1400.0 6250.000000000001 4199.999999999999 3900.0000000000005 6250.000000000001 4199.999999999999 3900.0000000000005 6250.000000000001 5699.999999999999 1400.0 6250.000000000001 5699.999999999999 3 3750000.0000000014
-0.0 1.0 -0.0 -6350.0 4 3900.0000000000005 6350.0 4199.999999999999 1400.0 6350.0 4199.999999999999 1400.0 6350.0 5699.999999999999 3900.0000000000005 6350.0 5699.999999999999 3 3750000.0000000014
-1.0 0.0 0.0 1400.0 4 1400.0 6350.0 4199.999999999999 1400.0 6250.000000000001 4199.999999999999 1400.0 6250.000000000001 5699.999999999999 1400.0 6350.0 5699.999999999999 3 149999.9999999995
0.0 0.0 -1.0 4199.999999999999 4 3900.0000000000005 6350.0 4199.999999999999 3900.0000000000005 6250.000000000001 4199.999999999999 1400.0 6250.000000000001 4199.999999999999 1400.0 6350.0 4199.999999999999 3 249999.99999999913
-0.0 -0.0 1.0 -2600.0 4 3900.0000000000005 6250.000000000001 2600.0 3900.0000000000005 6350.0 2600.0 1400.0 6350.0 2600.0 1400.0 6250.000000000001 2600.0 3 249999.99999999913
1.0 -0.0 -0.0 -3900.0000000000005 4 3900.0000000000005 6250.000000000001 1099.9999999999995 3900.0000000000005 6350.0 1099.9999999999995 3900.0000000000005 6350.0 2600.0 3900.0000000000005 6250.000000000001 2600.0 3 149999.9999999995
0.0 -1.0 0.0 6250.000000000001 4 1400.0 6250.000000000001 1099.9999999999995 3900.0000000000005 6250.000000000001 1099.9999999999995 3900.0000000000005 6250.000000000001 2600.0 1400.0 6250.000000000001 2600.0 3 3750000.0000000014
-0.0 1.0 -0.0 -6350.0 4 3900.0000000000005 6350.0 1099.9999999999995 1400.0 6350.0 1099.9999999999995 1400.0 6350.0 2600.0 3900.0000000000005 6350.0 2600.0 3 3750000.0000000014
-1.0 0.0 0.0 1400.0 4 1400.0 6350.0 1099.9999999999995 1400.0 6250.000000000001 1099.9999999999995 1400.0 6250.000000000001 2600.0 1400.0 6350.0 2600.0 3 149999.9999999995
0.0 0.0 -1.0 1099.9999999999995 4 3900.0000000000005 6350.0 1099.9999999999995 3900.0000000000005 6250.000000000001 1099.9999999999995 1400.0 6250.000000000001 1099.9999999999995 1400.0 6350.0 1099.9999999999995 3 249999.99999999913
