-0.0 1.0 -0.0 -6200.0 200.0 6200.0 100.0 0.0 6200.0 100.0 0.0 6200.0 3100.0 200.0 6200.0 3100.0 2 
-1.0 0.0 0.0 0.0 0.0 6200.0 100.0 0.0 1699.9999999999995 100.0 0.0 1699.9999999999995 3100.0 0.0 6200.0 3100.0 2 
0.0 -1.0 0.0 1699.9999999999995 0.0 1699.9999999999995 100.0 200.0 1699.9999999999995 100.0 200.0 1699.9999999999995 3100.0 0.0 1699.9999999999995 3100.0 2 
-0.0 -0.0 1.0 -3100.0 200.0 6200.0 3100.0 0.0 6200.0 3100.0 0.0 1699.9999999999995 3100.0 200.0 1699.9999999999995 3100.0 2 
0.0 0.0 -1.0 100.0 0.0 6200.0 100.0 200.0 6200.0 100.0 200.0 1699.9999999999995 100.0 0.0 1699.9999999999995 100.0 2 
1.0 -0.0 -0.0 -200.0 200.0 1699.9999999999995 100.0 200.0 6200.0 100.0 200.0 6200.0 3100.0 200.0 1699.9999999999995 3100.0 2
-0.0 1.0 -0.0 -6200.0 5400.0 6200.0 100.0 5200.0 6200.0 100.0 5200.0 6200.0 3100.0 5400.0 6200.0 3100.0 2
-1.0 0.0 0.0 5200.0 5200.0 6200.0 100.0 5200.0 1699.9999999999995 100.0 5200.0 1699.9999999999995 3100.0 5200.0 6200.0 3100.0 2
0.0 -1.0 0.0 1699.9999999999995 5200.0 1699.9999999999995 100.0 5400.0 1699.9999999999995 100.0 5400.0 1699.9999999999995 3100.0 5200.0 1699.9999999999995 3100.0 2
-0.0 -0.0 1.0 -3100.0 5400.0 6200.0 3100.0 5200.0 6200.0 3100.0 5200.0 1699.9999999999995 3100.0 5400.0 1699.9999999999995 3100.0 2
0.0 0.0 -1.0 100.0 5200.0 6200.0 100.0 5400.0 6200.0 100.0 5400.0 1699.9999999999995 100.0 5200.0 1699.9999999999995 100.0 2
1.0 -0.0 -0.0 -5400.0 5400.0 1699.9999999999995 100.0 5400.0 6200.0 100.0 5400.0 6200.0 3100.0 5400.0 1699.9999999999995 3100.0 2
-0.0 1.0 -0.0 -6200.0 10600.0 6200.0 100.0 10400.0 6200.0 100.0 10400.0 6200.0 3100.0 10600.0 6200.0 3100.0 2
-1.0 0.0 0.0 10400.0 10400.0 6200.0 100.0 10400.0 1699.9999999999995 100.0 10400.0 1699.9999999999995 3100.0 10400.0 6200.0 3100.0 2
0.0 -1.0 0.0 1699.9999999999995 10400.0 1699.9999999999995 100.0 10600.0 1699.9999999999995 100.0 10600.0 1699.9999999999995 3100.0 10400.0 1699.9999999999995 3100.0 2
-0.0 -0.0 1.0 -3100.0 10600.0 6200.0 3100.0 10400.0 6200.0 3100.0 10400.0 1699.9999999999995 3100.0 10600.0 1699.9999999999995 3100.0 2
0.0 0.0 -1.0 100.0 10400.0 6200.0 100.0 10600.0 6200.0 100.0 10600.0 1699.9999999999995 100.0 10400.0 1699.9999999999995 100.0 2
1.0 -0.0 -0.0 -10600.0 10600.0 1699.9999999999995 100.0 10600.0 6200.0 100.0 10600.0 6200.0 3100.0 10600.0 1699.9999999999995 3100.0 2
0.0 0.0 -1.0 3100.0 15799.999999999998 6400.0 3100.0 15799.999999999998 0.0 3100.0 0.0 0.0 3100.0 0.0 6400.0 3100.0 2
-1.0 0.0 0.0 0.0 0.0 6400.0 3100.0 0.0 0.0 3100.0 0.0 0.0 3200.0 0.0 6400.0 3200.0 2
-0.0 -0.0 1.0 -3200.0 15799.999999999998 0.0 3200.0 15799.999999999998 6400.0 3200.0 0.0 6400.0 3200.0 0.0 0.0 3200.0 2
-0.0 1.0 -0.0 -6400.0 15799.999999999998 6400.0 3100.0 0.0 6400.0 3100.0 0.0 6400.0 3200.0 15799.999999999998 6400.0 3200.0 2
1.0 -0.0 -0.0 -15799.999999999998 15799.999999999998 0.0 3100.0 15799.999999999998 6400.0 3100.0 15799.999999999998 6400.0 3200.0 15799.999999999998 0.0 3200.0 2
0.0 -1.0 0.0 0.0 0.0 0.0 3100.0 15799.999999999998 0.0 3100.0 15799.999999999998 0.0 3200.0 0.0 0.0 3200.0 2
-0.0 1.0 -0.0 -6200.0 200.0 6200.0 3199.9999999999995 0.0 6200.0 3199.9999999999995 0.0 6200.0 6199.999999999999 200.0 6200.0 6199.999999999999 2
-1.0 0.0 0.0 0.0 0.0 6200.0 3199.9999999999995 0.0 1699.9999999999995 3199.9999999999995 0.0 1699.9999999999995 6199.999999999999 0.0 6200.0 6199.999999999999 2
0.0 -1.0 0.0 1699.9999999999995 0.0 1699.9999999999995 3199.9999999999995 200.0 1699.9999999999995 3199.9999999999995 200.0 1699.9999999999995 6199.999999999999 0.0 1699.9999999999995 6199.999999999999 2
-0.0 -0.0 1.0 -6199.999999999999 200.0 6200.0 6199.999999999999 0.0 6200.0 6199.999999999999 0.0 1699.9999999999995 6199.999999999999 200.0 1699.9999999999995 6199.999999999999 2
0.0 0.0 -1.0 3199.9999999999995 0.0 6200.0 3199.9999999999995 200.0 6200.0 3199.9999999999995 200.0 1699.9999999999995 3199.9999999999995 0.0 1699.9999999999995 3199.9999999999995 2
1.0 -0.0 -0.0 -200.0 200.0 1699.9999999999995 3199.9999999999995 200.0 6200.0 3199.9999999999995 200.0 6200.0 6199.999999999999 200.0 1699.9999999999995 6199.999999999999 2
-0.0 1.0 -0.0 -6200.0 15799.999999999998 6200.0 3199.9999999999995 15599.999999999998 6200.0 3199.9999999999995 15599.999999999998 6200.0 6199.999999999999 15799.999999999998 6200.0 6199.999999999999 2
-1.0 0.0 0.0 15599.999999999998 15599.999999999998 6200.0 3199.9999999999995 15599.999999999998 1699.9999999999995 3199.9999999999995 15599.999999999998 1699.9999999999995 6199.999999999999 15599.999999999998 6200.0 6199.999999999999 2
0.0 -1.0 0.0 1699.9999999999995 15599.999999999998 1699.9999999999995 3199.9999999999995 15799.999999999998 1699.9999999999995 3199.9999999999995 15799.999999999998 1699.9999999999995 6199.999999999999 15599.999999999998 1699.9999999999995 6199.999999999999 2
-0.0 -0.0 1.0 -6199.999999999999 15799.999999999998 6200.0 6199.999999999999 15599.999999999998 6200.0 6199.999999999999 15599.999999999998 1699.9999999999995 6199.999999999999 15799.999999999998 1699.9999999999995 6199.999999999999 2
0.0 0.0 -1.0 3199.9999999999995 15599.999999999998 6200.0 3199.9999999999995 15799.999999999998 6200.0 3199.9999999999995 15799.999999999998 1699.9999999999995 3199.9999999999995 15599.999999999998 1699.9999999999995 3199.9999999999995 2
1.0 -0.0 -0.0 -15799.999999999998 15799.999999999998 1699.9999999999995 3199.9999999999995 15799.999999999998 6200.0 3199.9999999999995 15799.999999999998 6200.0 6199.999999999999 15799.999999999998 1699.9999999999995 6199.999999999999 2
-0.0 1.0 -0.0 -6200.0 5400.0 6200.0 3199.9999999999995 5200.0 6200.0 3199.9999999999995 5200.0 6200.0 6199.999999999999 5400.0 6200.0 6199.999999999999 2
-1.0 0.0 0.0 5200.0 5200.0 6200.0 3199.9999999999995 5200.0 1699.9999999999995 3199.9999999999995 5200.0 1699.9999999999995 6199.999999999999 5200.0 6200.0 6199.999999999999 2
0.0 -1.0 0.0 1699.9999999999995 5200.0 1699.9999999999995 3199.9999999999995 5400.0 1699.9999999999995 3199.9999999999995 5400.0 1699.9999999999995 6199.999999999999 5200.0 1699.9999999999995 6199.999999999999 2
-0.0 -0.0 1.0 -6199.999999999999 5400.0 6200.0 6199.999999999999 5200.0 6200.0 6199.999999999999 5200.0 1699.9999999999995 6199.999999999999 5400.0 1699.9999999999995 6199.999999999999 2
0.0 0.0 -1.0 3199.9999999999995 5200.0 6200.0 3199.9999999999995 5400.0 6200.0 3199.9999999999995 5400.0 1699.9999999999995 3199.9999999999995 5200.0 1699.9999999999995 3199.9999999999995 2
1.0 -0.0 -0.0 -5400.0 5400.0 1699.9999999999995 3199.9999999999995 5400.0 6200.0 3199.9999999999995 5400.0 6200.0 6199.999999999999 5400.0 1699.9999999999995 6199.999999999999 2
-0.0 1.0 -0.0 -6200.0 10600.0 6200.0 3199.9999999999995 10400.0 6200.0 3199.9999999999995 10400.0 6200.0 6199.999999999999 10600.0 6200.0 6199.999999999999 2
-1.0 0.0 0.0 10400.0 10400.0 6200.0 3199.9999999999995 10400.0 1699.9999999999995 3199.9999999999995 10400.0 1699.9999999999995 6199.999999999999 10400.0 6200.0 6199.999999999999 2
0.0 -1.0 0.0 1699.9999999999995 10400.0 1699.9999999999995 3199.9999999999995 10600.0 1699.9999999999995 3199.9999999999995 10600.0 1699.9999999999995 6199.999999999999 10400.0 1699.9999999999995 6199.999999999999 2
-0.0 -0.0 1.0 -6199.999999999999 10600.0 6200.0 6199.999999999999 10400.0 6200.0 6199.999999999999 10400.0 1699.9999999999995 6199.999999999999 10600.0 1699.9999999999995 6199.999999999999 2
0.0 0.0 -1.0 3199.9999999999995 10400.0 6200.0 3199.9999999999995 10600.0 6200.0 3199.9999999999995 10600.0 1699.9999999999995 3199.9999999999995 10400.0 1699.9999999999995 3199.9999999999995 2
1.0 -0.0 -0.0 -10600.0 10600.0 1699.9999999999995 3199.9999999999995 10600.0 6200.0 3199.9999999999995 10600.0 6200.0 6199.999999999999 10600.0 1699.9999999999995 6199.999999999999 2
-0.0 1.0 -0.0 -6400.0 17800.0 6400.0 6199.999999999999 0.0 6400.0 6199.999999999999 0.0 6400.0 6299.999999999999 17800.0 6400.0 6299.999999999999 2
1.0 -0.0 -0.0 -17800.0 17800.0 0.0 6199.999999999999 17800.0 6400.0 6199.999999999999 17800.0 6400.0 6299.999999999999 17800.0 0.0 6299.999999999999 2
0.0 -1.0 0.0 0.0 0.0 0.0 6199.999999999999 17800.0 0.0 6199.999999999999 17800.0 0.0 6299.999999999999 0.0 0.0 6299.999999999999 2
0.0 0.0 -1.0 6199.999999999999 0.0 0.0 6199.999999999999 0.0 6400.0 6199.999999999999 17800.0 6400.0 6199.999999999999 17800.0 0.0 6199.999999999999 2
-1.0 0.0 0.0 0.0 0.0 6400.0 6199.999999999999 0.0 0.0 6199.999999999999 0.0 0.0 6299.999999999999 0.0 6400.0 6299.999999999999 2
-0.0 -0.0 1.0 -6299.999999999999 0.0 6400.0 6299.999999999999 0.0 0.0 6299.999999999999 17800.0 0.0 6299.999999999999 17800.0 6400.0 6299.999999999999 2
1.0 -0.0 -0.0 -16800.0 16800.0 -3.6095570976613087e-13 3100.0 16800.0 1499.9999999999995 3100.0 16800.0 1499.9999999999995 3200.0 16800.0 -3.6095570976613087e-13 3200.0 2
0.0 -1.0 0.0 -3.6095570976613087e-13 15799.999999999998 -3.6095570976613087e-13 3100.0 16800.0 -3.6095570976613087e-13 3100.0 16800.0 -3.6095570976613087e-13 3200.0 15799.999999999998 -3.6095570976613087e-13 3200.0 2
-0.0 1.0 -0.0 -1499.9999999999995 16800.0 1499.9999999999995 3100.0 15799.999999999998 1499.9999999999995 3100.0 15799.999999999998 1499.9999999999995 3200.0 16800.0 1499.9999999999995 3200.0 2
-1.0 0.0 0.0 15799.999999999998 15799.999999999998 1499.9999999999995 3100.0 15799.999999999998 -3.6095570976613087e-13 3100.0 15799.999999999998 -3.6095570976613087e-13 3200.0 15799.999999999998 1499.9999999999995 3200.0 2
-0.0 -0.0 1.0 -3200.0 16800.0 -3.6095570976613087e-13 3200.0 16800.0 1499.9999999999995 3200.0 15799.999999999998 1499.9999999999995 3200.0 15799.999999999998 -3.6095570976613087e-13 3200.0 2
0.0 0.0 -1.0 3100.0 16800.0 1499.9999999999995 3100.0 16800.0 -3.6095570976613087e-13 3100.0 15799.999999999998 -3.6095570976613087e-13 3100.0 15799.999999999998 1499.9999999999995 3100.0 2
0.0 -1.0 0.0 1399.9999999999995 16800.0 1399.9999999999995 3100.0 15799.999999999998 1399.9999999999995 3100.0 15799.999999999998 1399.9999999999995 3000.0 16800.0 1399.9999999999995 3000.0 2
-0.0 -0.0 1.0 -3100.0 16800.0 1499.9999999999995 3100.0 15799.999999999998 1499.9999999999995 3100.0 15799.999999999998 1399.9999999999995 3100.0 16800.0 1399.9999999999995 3100.0 2
-0.0 1.0 -0.0 -1499.9999999999995 15799.999999999998 1499.9999999999995 3100.0 16800.0 1499.9999999999995 3100.0 16800.0 1499.9999999999995 3000.0 15799.999999999998 1499.9999999999995 3000.0 2
1.0 -0.0 -0.0 -16800.0 16800.0 1499.9999999999995 3100.0 16800.0 1399.9999999999995 3100.0 16800.0 1399.9999999999995 3000.0 16800.0 1499.9999999999995 3000.0 2
0.0 0.0 -1.0 3000.0 15799.999999999998 1499.9999999999995 3000.0 16800.0 1499.9999999999995 3000.0 16800.0 1399.9999999999995 3000.0 15799.999999999998 1399.9999999999995 3000.0 2
-1.0 0.0 0.0 15799.999999999998 15799.999999999998 1399.9999999999995 3100.0 15799.999999999998 1499.9999999999995 3100.0 15799.999999999998 1499.9999999999995 3000.0 15799.999999999998 1399.9999999999995 3000.0 2
-0.0 -0.0 1.0 -3000.0 15799.999999999998 1799.9999999999995 3000.0 15799.999999999998 1399.9999999999995 3000.0 16800.0 1399.9999999999995 3000.0 16800.0 1799.9999999999995 3000.0 2
0.0 0.0 -1.0 2900.0 15799.999999999998 1399.9999999999995 2900.0 15799.999999999998 1799.9999999999995 2900.0 16800.0 1799.9999999999995 2900.0 16800.0 1399.9999999999995 2900.0 2
-0.0 1.0 -0.0 -1799.9999999999995 15799.999999999998 1799.9999999999995 3000.0 16800.0 1799.9999999999995 3000.0 16800.0 1799.9999999999995 2900.0 15799.999999999998 1799.9999999999995 2900.0 2
-1.0 0.0 0.0 15799.999999999998 15799.999999999998 1399.9999999999995 3000.0 15799.999999999998 1799.9999999999995 3000.0 15799.999999999998 1799.9999999999995 2900.0 15799.999999999998 1399.9999999999995 2900.0 2
1.0 -0.0 -0.0 -16800.0 16800.0 1799.9999999999995 3000.0 16800.0 1399.9999999999995 3000.0 16800.0 1399.9999999999995 2900.0 16800.0 1799.9999999999995 2900.0 2
0.0 -1.0 0.0 1399.9999999999995 16800.0 1399.9999999999995 3000.0 15799.999999999998 1399.9999999999995 3000.0 15799.999999999998 1399.9999999999995 2900.0 16800.0 1399.9999999999995 2900.0 2
0.0 -1.0 0.0 1699.9999999999995 16800.0 1699.9999999999995 2900.0 15799.999999999998 1699.9999999999995 2900.0 15799.999999999998 1699.9999999999995 2800.0 16800.0 1699.9999999999995 2800.0 2
-0.0 -0.0 1.0 -2900.0 16800.0 1799.9999999999995 2900.0 15799.999999999998 1799.9999999999995 2900.0 15799.999999999998 1699.9999999999995 2900.0 16800.0 1699.9999999999995 2900.0 2
-0.0 1.0 -0.0 -1799.9999999999995 15799.999999999998 1799.9999999999995 2900.0 16800.0 1799.9999999999995 2900.0 16800.0 1799.9999999999995 2800.0 15799.999999999998 1799.9999999999995 2800.0 2
1.0 -0.0 -0.0 -16800.0 16800.0 1799.9999999999995 2900.0 16800.0 1699.9999999999995 2900.0 16800.0 1699.9999999999995 2800.0 16800.0 1799.9999999999995 2800.0 2
0.0 0.0 -1.0 2800.0 15799.999999999998 1799.9999999999995 2800.0 16800.0 1799.9999999999995 2800.0 16800.0 1699.9999999999995 2800.0 15799.999999999998 1699.9999999999995 2800.0 2
-1.0 0.0 0.0 15799.999999999998 15799.999999999998 1699.9999999999995 2900.0 15799.999999999998 1799.9999999999995 2900.0 15799.999999999998 1799.9999999999995 2800.0 15799.999999999998 1699.9999999999995 2800.0 2
-0.0 -0.0 1.0 -2800.0 15799.999999999998 2099.9999999999995 2800.0 15799.999999999998 1699.9999999999995 2800.0 16800.0 1699.9999999999995 2800.0 16800.0 2099.9999999999995 2800.0 2
0.0 0.0 -1.0 2700.0 15799.999999999998 1699.9999999999995 2700.0 15799.999999999998 2099.9999999999995 2700.0 16800.0 2099.9999999999995 2700.0 16800.0 1699.9999999999995 2700.0 2
-0.0 1.0 -0.0 -2099.9999999999995 15799.999999999998 2099.9999999999995 2800.0 16800.0 2099.9999999999995 2800.0 16800.0 2099.9999999999995 2700.0 15799.999999999998 2099.9999999999995 2700.0 2
-1.0 0.0 0.0 15799.999999999998 15799.999999999998 1699.9999999999995 2800.0 15799.999999999998 2099.9999999999995 2800.0 15799.999999999998 2099.9999999999995 2700.0 15799.999999999998 1699.9999999999995 2700.0 2
1.0 -0.0 -0.0 -16800.0 16800.0 2099.9999999999995 2800.0 16800.0 1699.9999999999995 2800.0 16800.0 1699.9999999999995 2700.0 16800.0 2099.9999999999995 2700.0 2
0.0 -1.0 0.0 1699.9999999999995 16800.0 1699.9999999999995 2800.0 15799.999999999998 1699.9999999999995 2800.0 15799.999999999998 1699.9999999999995 2700.0 16800.0 1699.9999999999995 2700.0 2
0.0 -1.0 0.0 1999.9999999999995 16800.0 1999.9999999999995 2700.0 15799.999999999998 1999.9999999999995 2700.0 15799.999999999998 1999.9999999999995 2600.0 16800.0 1999.9999999999995 2600.0 2
-0.0 -0.0 1.0 -2700.0 16800.0 2099.9999999999995 2700.0 15799.999999999998 2099.9999999999995 2700.0 15799.999999999998 1999.9999999999995 2700.0 16800.0 1999.9999999999995 2700.0 2
-0.0 1.0 -0.0 -2099.9999999999995 15799.999999999998 2099.9999999999995 2700.0 16800.0 2099.9999999999995 2700.0 16800.0 2099.9999999999995 2600.0 15799.999999999998 2099.9999999999995 2600.0 2
1.0 -0.0 -0.0 -16800.0 16800.0 2099.9999999999995 2700.0 16800.0 1999.9999999999995 2700.0 16800.0 1999.9999999999995 2600.0 16800.0 2099.9999999999995 2600.0 2
0.0 0.0 -1.0 2600.0 15799.999999999998 2099.9999999999995 2600.0 16800.0 2099.9999999999995 2600.0 16800.0 1999.9999999999995 2600.0 15799.999999999998 1999.9999999999995 2600.0 2
-1.0 0.0 0.0 15799.999999999998 15799.999999999998 1999.9999999999995 2700.0 15799.999999999998 2099.9999999999995 2700.0 15799.999999999998 2099.9999999999995 2600.0 15799.999999999998 1999.9999999999995 2600.0 2
