6
-1.0 0.0 0.0 0.0 0.0 6400.0 0.0 0.0 0.0 0.0 0.0 0.0 200.0 0.0 6400.0 200.0 2 
-0.0 -0.0 1.0 -200.0 0.0 6400.0 200.0 0.0 0.0 200.0 17800.0 0.0 200.0 17800.0 6400.0 200.0 2 
1.0 -0.0 -0.0 -17800.0 17800.0 0.0 0.0 17800.0 6400.0 0.0 17800.0 6400.0 200.0 17800.0 0.0 200.0 2 
0.0 0.0 -1.0 0.0 0.0 0.0 0.0 0.0 6400.0 0.0 17800.0 6400.0 0.0 17800.0 0.0 0.0 2 
0.0 -1.0 0.0 0.0 0.0 0.0 0.0 17800.0 0.0 0.0 17800.0 0.0 200.0 0.0 0.0 200.0 2 
-0.0 1.0 -0.0 -6400.0 17800.0 6400.0 0.0 0.0 6400.0 0.0 0.0 6400.0 200.0 17800.0 6400.0 200.0 2 
6
1.0 -0.0 -0.0 -200.0 200.0 0.0 200.0 200.0 6400.0 200.0 200.0 6400.0 6100.0 200.0 0.0 6100.0 2 
-0.0 1.0 -0.0 -6400.0 200.0 6400.0 200.0 0.0 6400.0 200.0 0.0 6400.0 6100.0 200.0 6400.0 6100.0 2 
-1.0 0.0 0.0 0.0 0.0 6400.0 200.0 0.0 0.0 200.0 0.0 0.0 6100.0 0.0 6400.0 6100.0 2 
0.0 0.0 -1.0 0.0 0.0 6400.0 200.0 200.0 6400.0 200.0 200.0 0.0 200.0 0.0 0.0 200.0 2 
-0.0 -0.0 1.0 -5900.0 200.0 6400.0 6100.0 0.0 6400.0 6100.0 0.0 0.0 6100.0 200.0 0.0 6100.0 2 
0.0 -1.0 0.0 0.0 0.0 0.0 200.0 200.0 0.0 200.0 200.0 0.0 6100.0 0.0 0.0 6100.0 2 
6
1.0 -0.0 -0.0 -200.0 17800.0 0.0 200.0 17800.0 6400.0 200.0 17800.0 6400.0 6100.0 17800.0 0.0 6100.0 2 
-0.0 1.0 -0.0 -6400.0 17800.0 6400.0 200.0 17600.0 6400.0 200.0 17600.0 6400.0 6100.0 17800.0 6400.0 6100.0 2 
-1.0 0.0 0.0 0.0 17600.0 6400.0 200.0 17600.0 0.0 200.0 17600.0 0.0 6100.0 17600.0 6400.0 6100.0 2 
0.0 0.0 -1.0 0.0 17600.0 6400.0 200.0 17800.0 6400.0 200.0 17800.0 0.0 200.0 17600.0 0.0 200.0 2 
-0.0 -0.0 1.0 -5900.0 17800.0 6400.0 6100.0 17600.0 6400.0 6100.0 17600.0 0.0 6100.0 17800.0 0.0 6100.0 2 
0.0 -1.0 0.0 0.0 17600.0 0.0 200.0 17800.0 0.0 200.0 17800.0 0.0 6100.0 17600.0 0.0 6100.0 2 
6
-1.0 0.0 0.0 0.0 0.0 6400.0 6100.0 0.0 0.0 6100.0 0.0 0.0 6300.0 0.0 6400.0 6300.0 2 
-0.0 -0.0 1.0 -200.0 0.0 6400.0 6300.0 0.0 0.0 6300.0 17800.0 0.0 6300.0 17800.0 6400.0 6300.0 2 
1.0 -0.0 -0.0 -17800.0 17800.0 0.0 6100.0 17800.0 6400.0 6100.0 17800.0 6400.0 6300.0 17800.0 0.0 6300.0 2 
0.0 0.0 -1.0 0.0 0.0 0.0 6100.0 0.0 6400.0 6100.0 17800.0 6400.0 6100.0 17800.0 0.0 6100.0 2 
0.0 -1.0 0.0 0.0 0.0 0.0 6100.0 17800.0 0.0 6100.0 17800.0 0.0 6300.0 0.0 0.0 6300.0 2 
-0.0 1.0 -0.0 -6400.0 17800.0 6400.0 6100.0 0.0 6400.0 6100.0 0.0 6400.0 6300.0 17800.0 6400.0 6300.0 2 
6
0.0 -1.0 0.0 0.0 200.0 0.0 200.0 17600.0 0.0 200.0 17600.0 0.0 6100.0 200.0 0.0 6100.0 2 
-1.0 0.0 0.0 0.0 200.0 200.0 200.0 200.0 0.0 200.0 200.0 0.0 6100.0 200.0 200.0 6100.0 2 
-0.0 -0.0 1.0 -5900.0 200.0 0.0 6100.0 17600.0 0.0 6100.0 17600.0 200.0 6100.0 200.0 200.0 6100.0 2 
1.0 -0.0 -0.0 -17400.0 17600.0 0.0 200.0 17600.0 200.0 200.0 17600.0 200.0 6100.0 17600.0 0.0 6100.0 2 
0.0 0.0 -1.0 0.0 17600.0 0.0 200.0 200.0 0.0 200.0 200.0 200.0 200.0 17600.0 200.0 200.0 2 
-0.0 1.0 -0.0 -200.0 17600.0 200.0 200.0 200.0 200.0 200.0 200.0 200.0 6100.0 17600.0 200.0 6100.0 2 
6
0.0 -1.0 0.0 0.0 200.0000000000007 6200.0 200.0 17600.0 6200.0 200.0 17600.0 6200.0 6100.0 200.0000000000007 6200.0 6100.0 2 
-1.0 0.0 0.0 0.0 200.0000000000007 6400.0 200.0 200.0000000000007 6200.0 200.0 200.0000000000007 6200.0 6100.0 200.0000000000007 6400.0 6100.0 2 
-0.0 -0.0 1.0 -5900.0 200.0000000000007 6200.0 6100.0 17600.0 6200.0 6100.0 17600.0 6400.0 6100.0 200.0000000000007 6400.0 6100.0 2 
1.0 -0.0 -0.0 -17400.0 17600.0 6200.0 200.0 17600.0 6400.0 200.0 17600.0 6400.0 6100.0 17600.0 6200.0 6100.0 2 
0.0 0.0 -1.0 0.0 17600.0 6200.0 200.0 200.0000000000007 6200.0 200.0 200.0000000000007 6400.0 200.0 17600.0 6400.0 200.0 2 
-0.0 1.0 -0.0 -200.0 17600.0 6400.0 200.0 200.0000000000007 6400.0 200.0 200.0000000000007 6400.0 6100.0 17600.0 6400.0 6100.0 2 
