10001 200.0 1200.0 5700.0 
10002 200.0 1700.0 5700.0 
10003 200.0 2200.0 5700.0 
10004 200.0 2700.0 5700.0 
10005 200.0 3200.0 5700.0 
10006 200.0 3700.0 5700.0 
10007 200.0 4200.0 5700.0 
10008 200.0 4700.0 5700.0 
10009 200.0 5200.0 5700.0 
10010 200.0 5700.0 5700.0 
10011 713.3333333333334 1200.0 5700.0 
10012 713.3333333333334 1700.0 5700.0 
10013 713.3333333333334 2200.0 5700.0 
10014 713.3333333333334 2700.0 5700.0 
10015 713.3333333333334 3200.0 5700.0 
10016 713.3333333333334 3700.0 5700.0 
10017 713.3333333333334 4200.0 5700.0 
10018 713.3333333333334 4700.0 5700.0 
10019 713.3333333333334 5200.0 5700.0 
10020 713.3333333333334 5700.0 5700.0 
10021 1226.6666666666667 1200.0 5700.0 
10022 1226.6666666666667 1700.0 5700.0 
10023 1226.6666666666667 2200.0 5700.0 
10024 1226.6666666666667 2700.0 5700.0 
10025 1226.6666666666667 3200.0 5700.0 
10026 1226.6666666666667 3700.0 5700.0 
10027 1226.6666666666667 4200.0 5700.0 
10028 1226.6666666666667 4700.0 5700.0 
10029 1226.6666666666667 5200.0 5700.0 
10030 1226.6666666666667 5700.0 5700.0 
10031 1740.0 1200.0 5700.0 
10032 1740.0 1700.0 5700.0 
10033 1740.0 2200.0 5700.0 
10034 1740.0 2700.0 5700.0 
10035 1740.0 3200.0 5700.0 
10036 1740.0 3700.0 5700.0 
10037 1740.0 4200.0 5700.0 
10038 1740.0 4700.0 5700.0 
10039 1740.0 5200.0 5700.0 
10040 1740.0 5700.0 5700.0 
10041 2253.3333333333335 1200.0 5700.0 
10042 2253.3333333333335 1700.0 5700.0 
10043 2253.3333333333335 2200.0 5700.0 
10044 2253.3333333333335 2700.0 5700.0 
10045 2253.3333333333335 3200.0 5700.0 
10046 2253.3333333333335 3700.0 5700.0 
10047 2253.3333333333335 4200.0 5700.0 
10048 2253.3333333333335 4700.0 5700.0 
10049 2253.3333333333335 5200.0 5700.0 
10050 2253.3333333333335 5700.0 5700.0 
10051 2766.666666666667 1200.0 5700.0 
10052 2766.666666666667 1700.0 5700.0 
10053 2766.666666666667 2200.0 5700.0 
10054 2766.666666666667 2700.0 5700.0 
10055 2766.666666666667 3200.0 5700.0 
10056 2766.666666666667 3700.0 5700.0 
10057 2766.666666666667 4200.0 5700.0 
10058 2766.666666666667 4700.0 5700.0 
10059 2766.666666666667 5200.0 5700.0 
10060 2766.666666666667 5700.0 5700.0 
10061 3280.0 1200.0 5700.0 
10062 3280.0 1700.0 5700.0 
10063 3280.0 2200.0 5700.0 
10064 3280.0 2700.0 5700.0 
10065 3280.0 3200.0 5700.0 
10066 3280.0 3700.0 5700.0 
10067 3280.0 4200.0 5700.0 
10068 3280.0 4700.0 5700.0 
10069 3280.0 5200.0 5700.0 
10070 3280.0 5700.0 5700.0 
10071 3793.3333333333335 1200.0 5700.0 
10072 3793.3333333333335 1700.0 5700.0 
10073 3793.3333333333335 2200.0 5700.0 
10074 3793.3333333333335 2700.0 5700.0 
10075 3793.3333333333335 3200.0 5700.0 
10076 3793.3333333333335 3700.0 5700.0 
10077 3793.3333333333335 4200.0 5700.0 
10078 3793.3333333333335 4700.0 5700.0 
10079 3793.3333333333335 5200.0 5700.0 
10080 3793.3333333333335 5700.0 5700.0 
10081 4306.666666666667 1200.0 5700.0 
10082 4306.666666666667 1700.0 5700.0 
10083 4306.666666666667 2200.0 5700.0 
10084 4306.666666666667 2700.0 5700.0 
10085 4306.666666666667 3200.0 5700.0 
10086 4306.666666666667 3700.0 5700.0 
10087 4306.666666666667 4200.0 5700.0 
10088 4306.666666666667 4700.0 5700.0 
10089 4306.666666666667 5200.0 5700.0 
10090 4306.666666666667 5700.0 5700.0 
10091 4820.0 1200.0 5700.0 
10092 4820.0 1700.0 5700.0 
10093 4820.0 2200.0 5700.0 
10094 4820.0 2700.0 5700.0 
10095 4820.0 3200.0 5700.0 
10096 4820.0 3700.0 5700.0 
10097 4820.0 4200.0 5700.0 
10098 4820.0 4700.0 5700.0 
10099 4820.0 5200.0 5700.0 
10100 4820.0 5700.0 5700.0 
10101 5333.333333333334 1200.0 5700.0 
10102 5333.333333333334 1700.0 5700.0 
10103 5333.333333333334 2200.0 5700.0 
10104 5333.333333333334 2700.0 5700.0 
10105 5333.333333333334 3200.0 5700.0 
10106 5333.333333333334 3700.0 5700.0 
10107 5333.333333333334 4200.0 5700.0 
10108 5333.333333333334 4700.0 5700.0 
10109 5333.333333333334 5200.0 5700.0 
10110 5333.333333333334 5700.0 5700.0 
10111 5846.666666666667 1200.0 5700.0 
10112 5846.666666666667 1700.0 5700.0 
10113 5846.666666666667 2200.0 5700.0 
10114 5846.666666666667 2700.0 5700.0 
10115 5846.666666666667 3200.0 5700.0 
10116 5846.666666666667 3700.0 5700.0 
10117 5846.666666666667 4200.0 5700.0 
10118 5846.666666666667 4700.0 5700.0 
10119 5846.666666666667 5200.0 5700.0 
10120 5846.666666666667 5700.0 5700.0 
10121 6360.0 1200.0 5700.0 
10122 6360.0 1700.0 5700.0 
10123 6360.0 2200.0 5700.0 
10124 6360.0 2700.0 5700.0 
10125 6360.0 3200.0 5700.0 
10126 6360.0 3700.0 5700.0 
10127 6360.0 4200.0 5700.0 
10128 6360.0 4700.0 5700.0 
10129 6360.0 5200.0 5700.0 
10130 6360.0 5700.0 5700.0 
10131 6873.333333333334 1200.0 5700.0 
10132 6873.333333333334 1700.0 5700.0 
10133 6873.333333333334 2200.0 5700.0 
10134 6873.333333333334 2700.0 5700.0 
10135 6873.333333333334 3200.0 5700.0 
10136 6873.333333333334 3700.0 5700.0 
10137 6873.333333333334 4200.0 5700.0 
10138 6873.333333333334 4700.0 5700.0 
10139 6873.333333333334 5200.0 5700.0 
10140 6873.333333333334 5700.0 5700.0 
10141 7386.666666666667 1200.0 5700.0 
10142 7386.666666666667 1700.0 5700.0 
10143 7386.666666666667 2200.0 5700.0 
10144 7386.666666666667 2700.0 5700.0 
10145 7386.666666666667 3200.0 5700.0 
10146 7386.666666666667 3700.0 5700.0 
10147 7386.666666666667 4200.0 5700.0 
10148 7386.666666666667 4700.0 5700.0 
10149 7386.666666666667 5200.0 5700.0 
10150 7386.666666666667 5700.0 5700.0 
10151 7900.000000000001 1200.0 5700.0 
10152 7900.000000000001 1700.0 5700.0 
10153 7900.000000000001 2200.0 5700.0 
10154 7900.000000000001 2700.0 5700.0 
10155 7900.000000000001 3200.0 5700.0 
10156 7900.000000000001 3700.0 5700.0 
10157 7900.000000000001 4200.0 5700.0 
10158 7900.000000000001 4700.0 5700.0 
10159 7900.000000000001 5200.0 5700.0 
10160 7900.000000000001 5700.0 5700.0 
10161 8413.333333333334 1200.0 5700.0 
10162 8413.333333333334 1700.0 5700.0 
10163 8413.333333333334 2200.0 5700.0 
10164 8413.333333333334 2700.0 5700.0 
10165 8413.333333333334 3200.0 5700.0 
10166 8413.333333333334 3700.0 5700.0 
10167 8413.333333333334 4200.0 5700.0 
10168 8413.333333333334 4700.0 5700.0 
10169 8413.333333333334 5200.0 5700.0 
10170 8413.333333333334 5700.0 5700.0 
10171 8926.666666666668 1200.0 5700.0 
10172 8926.666666666668 1700.0 5700.0 
10173 8926.666666666668 2200.0 5700.0 
10174 8926.666666666668 2700.0 5700.0 
10175 8926.666666666668 3200.0 5700.0 
10176 8926.666666666668 3700.0 5700.0 
10177 8926.666666666668 4200.0 5700.0 
10178 8926.666666666668 4700.0 5700.0 
10179 8926.666666666668 5200.0 5700.0 
10180 8926.666666666668 5700.0 5700.0 
10181 9440.0 1200.0 5700.0 
10182 9440.0 1700.0 5700.0 
10183 9440.0 2200.0 5700.0 
10184 9440.0 2700.0 5700.0 
10185 9440.0 3200.0 5700.0 
10186 9440.0 3700.0 5700.0 
10187 9440.0 4200.0 5700.0 
10188 9440.0 4700.0 5700.0 
10189 9440.0 5200.0 5700.0 
10190 9440.0 5700.0 5700.0 
10191 9953.333333333334 1200.0 5700.0 
10192 9953.333333333334 1700.0 5700.0 
10193 9953.333333333334 2200.0 5700.0 
10194 9953.333333333334 2700.0 5700.0 
10195 9953.333333333334 3200.0 5700.0 
10196 9953.333333333334 3700.0 5700.0 
10197 9953.333333333334 4200.0 5700.0 
10198 9953.333333333334 4700.0 5700.0 
10199 9953.333333333334 5200.0 5700.0 
10200 9953.333333333334 5700.0 5700.0 
10201 10466.666666666668 1200.0 5700.0 
10202 10466.666666666668 1700.0 5700.0 
10203 10466.666666666668 2200.0 5700.0 
10204 10466.666666666668 2700.0 5700.0 
10205 10466.666666666668 3200.0 5700.0 
10206 10466.666666666668 3700.0 5700.0 
10207 10466.666666666668 4200.0 5700.0 
10208 10466.666666666668 4700.0 5700.0 
10209 10466.666666666668 5200.0 5700.0 
10210 10466.666666666668 5700.0 5700.0 
10211 10980.0 1200.0 5700.0 
10212 10980.0 1700.0 5700.0 
10213 10980.0 2200.0 5700.0 
10214 10980.0 2700.0 5700.0 
10215 10980.0 3200.0 5700.0 
10216 10980.0 3700.0 5700.0 
10217 10980.0 4200.0 5700.0 
10218 10980.0 4700.0 5700.0 
10219 10980.0 5200.0 5700.0 
10220 10980.0 5700.0 5700.0 
10221 11493.333333333334 1200.0 5700.0 
10222 11493.333333333334 1700.0 5700.0 
10223 11493.333333333334 2200.0 5700.0 
10224 11493.333333333334 2700.0 5700.0 
10225 11493.333333333334 3200.0 5700.0 
10226 11493.333333333334 3700.0 5700.0 
10227 11493.333333333334 4200.0 5700.0 
10228 11493.333333333334 4700.0 5700.0 
10229 11493.333333333334 5200.0 5700.0 
10230 11493.333333333334 5700.0 5700.0 
10231 12006.666666666668 1200.0 5700.0 
10232 12006.666666666668 1700.0 5700.0 
10233 12006.666666666668 2200.0 5700.0 
10234 12006.666666666668 2700.0 5700.0 
10235 12006.666666666668 3200.0 5700.0 
10236 12006.666666666668 3700.0 5700.0 
10237 12006.666666666668 4200.0 5700.0 
10238 12006.666666666668 4700.0 5700.0 
10239 12006.666666666668 5200.0 5700.0 
10240 12006.666666666668 5700.0 5700.0 
10241 12520.0 1200.0 5700.0 
10242 12520.0 1700.0 5700.0 
10243 12520.0 2200.0 5700.0 
10244 12520.0 2700.0 5700.0 
10245 12520.0 3200.0 5700.0 
10246 12520.0 3700.0 5700.0 
10247 12520.0 4200.0 5700.0 
10248 12520.0 4700.0 5700.0 
10249 12520.0 5200.0 5700.0 
10250 12520.0 5700.0 5700.0 
10251 13033.333333333334 1200.0 5700.0 
10252 13033.333333333334 1700.0 5700.0 
10253 13033.333333333334 2200.0 5700.0 
10254 13033.333333333334 2700.0 5700.0 
10255 13033.333333333334 3200.0 5700.0 
10256 13033.333333333334 3700.0 5700.0 
10257 13033.333333333334 4200.0 5700.0 
10258 13033.333333333334 4700.0 5700.0 
10259 13033.333333333334 5200.0 5700.0 
10260 13033.333333333334 5700.0 5700.0 
10261 13546.666666666668 1200.0 5700.0 
10262 13546.666666666668 1700.0 5700.0 
10263 13546.666666666668 2200.0 5700.0 
10264 13546.666666666668 2700.0 5700.0 
10265 13546.666666666668 3200.0 5700.0 
10266 13546.666666666668 3700.0 5700.0 
10267 13546.666666666668 4200.0 5700.0 
10268 13546.666666666668 4700.0 5700.0 
10269 13546.666666666668 5200.0 5700.0 
10270 13546.666666666668 5700.0 5700.0 
10271 14060.000000000002 1200.0 5700.0 
10272 14060.000000000002 1700.0 5700.0 
10273 14060.000000000002 2200.0 5700.0 
10274 14060.000000000002 2700.0 5700.0 
10275 14060.000000000002 3200.0 5700.0 
10276 14060.000000000002 3700.0 5700.0 
10277 14060.000000000002 4200.0 5700.0 
10278 14060.000000000002 4700.0 5700.0 
10279 14060.000000000002 5200.0 5700.0 
10280 14060.000000000002 5700.0 5700.0 
10281 14573.333333333334 1200.0 5700.0 
10282 14573.333333333334 1700.0 5700.0 
10283 14573.333333333334 2200.0 5700.0 
10284 14573.333333333334 2700.0 5700.0 
10285 14573.333333333334 3200.0 5700.0 
10286 14573.333333333334 3700.0 5700.0 
10287 14573.333333333334 4200.0 5700.0 
10288 14573.333333333334 4700.0 5700.0 
10289 14573.333333333334 5200.0 5700.0 
10290 14573.333333333334 5700.0 5700.0 
10291 15086.666666666668 1200.0 5700.0 
10292 15086.666666666668 1700.0 5700.0 
10293 15086.666666666668 2200.0 5700.0 
10294 15086.666666666668 2700.0 5700.0 
10295 15086.666666666668 3200.0 5700.0 
10296 15086.666666666668 3700.0 5700.0 
10297 15086.666666666668 4200.0 5700.0 
10298 15086.666666666668 4700.0 5700.0 
10299 15086.666666666668 5200.0 5700.0 
10300 15086.666666666668 5700.0 5700.0 
