10001 350.0 1200.0 4500.0 
10002 350.0 1680.0 4500.0 
10003 350.0 2160.0 4500.0 
10004 350.0 2640.0 4500.0 
10005 350.0 3120.0 4500.0 
10006 350.0 3600.0 4500.0 
10007 350.0 4080.0 4500.0 
10008 350.0 4560.0 4500.0 
10009 350.0 5040.0 4500.0 
10010 350.0 5520.0 4500.0 
10011 838.3333333333333 1200.0 4500.0 
10012 838.3333333333333 1680.0 4500.0 
10013 838.3333333333333 2160.0 4500.0 
10014 838.3333333333333 2640.0 4500.0 
10015 838.3333333333333 3120.0 4500.0 
10016 838.3333333333333 3600.0 4500.0 
10017 838.3333333333333 4080.0 4500.0 
10018 838.3333333333333 4560.0 4500.0 
10019 838.3333333333333 5040.0 4500.0 
10020 838.3333333333333 5520.0 4500.0 
10021 1326.6666666666665 1200.0 4500.0 
10022 1326.6666666666665 1680.0 4500.0 
10023 1326.6666666666665 2160.0 4500.0 
10024 1326.6666666666665 2640.0 4500.0 
10025 1326.6666666666665 3120.0 4500.0 
10026 1326.6666666666665 3600.0 4500.0 
10027 1326.6666666666665 4080.0 4500.0 
10028 1326.6666666666665 4560.0 4500.0 
10029 1326.6666666666665 5040.0 4500.0 
10030 1326.6666666666665 5520.0 4500.0 
10031 1815.0 1200.0 4500.0 
10032 1815.0 1680.0 4500.0 
10033 1815.0 2160.0 4500.0 
10034 1815.0 2640.0 4500.0 
10035 1815.0 3120.0 4500.0 
10036 1815.0 3600.0 4500.0 
10037 1815.0 4080.0 4500.0 
10038 1815.0 4560.0 4500.0 
10039 1815.0 5040.0 4500.0 
10040 1815.0 5520.0 4500.0 
10041 2303.333333333333 1200.0 4500.0 
10042 2303.333333333333 1680.0 4500.0 
10043 2303.333333333333 2160.0 4500.0 
10044 2303.333333333333 2640.0 4500.0 
10045 2303.333333333333 3120.0 4500.0 
10046 2303.333333333333 3600.0 4500.0 
10047 2303.333333333333 4080.0 4500.0 
10048 2303.333333333333 4560.0 4500.0 
10049 2303.333333333333 5040.0 4500.0 
10050 2303.333333333333 5520.0 4500.0 
10051 2791.6666666666665 1200.0 4500.0 
10052 2791.6666666666665 1680.0 4500.0 
10053 2791.6666666666665 2160.0 4500.0 
10054 2791.6666666666665 2640.0 4500.0 
10055 2791.6666666666665 3120.0 4500.0 
10056 2791.6666666666665 3600.0 4500.0 
10057 2791.6666666666665 4080.0 4500.0 
10058 2791.6666666666665 4560.0 4500.0 
10059 2791.6666666666665 5040.0 4500.0 
10060 2791.6666666666665 5520.0 4500.0 
10061 3280.0 1200.0 4500.0 
10062 3280.0 1680.0 4500.0 
10063 3280.0 2160.0 4500.0 
10064 3280.0 2640.0 4500.0 
10065 3280.0 3120.0 4500.0 
10066 3280.0 3600.0 4500.0 
10067 3280.0 4080.0 4500.0 
10068 3280.0 4560.0 4500.0 
10069 3280.0 5040.0 4500.0 
10070 3280.0 5520.0 4500.0 
10071 3768.333333333333 1200.0 4500.0 
10072 3768.333333333333 1680.0 4500.0 
10073 3768.333333333333 2160.0 4500.0 
10074 3768.333333333333 2640.0 4500.0 
10075 3768.333333333333 3120.0 4500.0 
10076 3768.333333333333 3600.0 4500.0 
10077 3768.333333333333 4080.0 4500.0 
10078 3768.333333333333 4560.0 4500.0 
10079 3768.333333333333 5040.0 4500.0 
10080 3768.333333333333 5520.0 4500.0 
10081 4256.666666666666 1200.0 4500.0 
10082 4256.666666666666 1680.0 4500.0 
10083 4256.666666666666 2160.0 4500.0 
10084 4256.666666666666 2640.0 4500.0 
10085 4256.666666666666 3120.0 4500.0 
10086 4256.666666666666 3600.0 4500.0 
10087 4256.666666666666 4080.0 4500.0 
10088 4256.666666666666 4560.0 4500.0 
10089 4256.666666666666 5040.0 4500.0 
10090 4256.666666666666 5520.0 4500.0 
10091 4745.0 1200.0 4500.0 
10092 4745.0 1680.0 4500.0 
10093 4745.0 2160.0 4500.0 
10094 4745.0 2640.0 4500.0 
10095 4745.0 3120.0 4500.0 
10096 4745.0 3600.0 4500.0 
10097 4745.0 4080.0 4500.0 
10098 4745.0 4560.0 4500.0 
10099 4745.0 5040.0 4500.0 
10100 4745.0 5520.0 4500.0 
10101 5233.333333333333 1200.0 4500.0 
10102 5233.333333333333 1680.0 4500.0 
10103 5233.333333333333 2160.0 4500.0 
10104 5233.333333333333 2640.0 4500.0 
10105 5233.333333333333 3120.0 4500.0 
10106 5233.333333333333 3600.0 4500.0 
10107 5233.333333333333 4080.0 4500.0 
10108 5233.333333333333 4560.0 4500.0 
10109 5233.333333333333 5040.0 4500.0 
10110 5233.333333333333 5520.0 4500.0 
10111 5721.666666666666 1200.0 4500.0 
10112 5721.666666666666 1680.0 4500.0 
10113 5721.666666666666 2160.0 4500.0 
10114 5721.666666666666 2640.0 4500.0 
10115 5721.666666666666 3120.0 4500.0 
10116 5721.666666666666 3600.0 4500.0 
10117 5721.666666666666 4080.0 4500.0 
10118 5721.666666666666 4560.0 4500.0 
10119 5721.666666666666 5040.0 4500.0 
10120 5721.666666666666 5520.0 4500.0 
10121 6210.0 1200.0 4500.0 
10122 6210.0 1680.0 4500.0 
10123 6210.0 2160.0 4500.0 
10124 6210.0 2640.0 4500.0 
10125 6210.0 3120.0 4500.0 
10126 6210.0 3600.0 4500.0 
10127 6210.0 4080.0 4500.0 
10128 6210.0 4560.0 4500.0 
10129 6210.0 5040.0 4500.0 
10130 6210.0 5520.0 4500.0 
10131 6698.333333333333 1200.0 4500.0 
10132 6698.333333333333 1680.0 4500.0 
10133 6698.333333333333 2160.0 4500.0 
10134 6698.333333333333 2640.0 4500.0 
10135 6698.333333333333 3120.0 4500.0 
10136 6698.333333333333 3600.0 4500.0 
10137 6698.333333333333 4080.0 4500.0 
10138 6698.333333333333 4560.0 4500.0 
10139 6698.333333333333 5040.0 4500.0 
10140 6698.333333333333 5520.0 4500.0 
10141 7186.666666666666 1200.0 4500.0 
10142 7186.666666666666 1680.0 4500.0 
10143 7186.666666666666 2160.0 4500.0 
10144 7186.666666666666 2640.0 4500.0 
10145 7186.666666666666 3120.0 4500.0 
10146 7186.666666666666 3600.0 4500.0 
10147 7186.666666666666 4080.0 4500.0 
10148 7186.666666666666 4560.0 4500.0 
10149 7186.666666666666 5040.0 4500.0 
10150 7186.666666666666 5520.0 4500.0 
10151 7675.0 1200.0 4500.0 
10152 7675.0 1680.0 4500.0 
10153 7675.0 2160.0 4500.0 
10154 7675.0 2640.0 4500.0 
10155 7675.0 3120.0 4500.0 
10156 7675.0 3600.0 4500.0 
10157 7675.0 4080.0 4500.0 
10158 7675.0 4560.0 4500.0 
10159 7675.0 5040.0 4500.0 
10160 7675.0 5520.0 4500.0 
10161 8163.333333333333 1200.0 4500.0 
10162 8163.333333333333 1680.0 4500.0 
10163 8163.333333333333 2160.0 4500.0 
10164 8163.333333333333 2640.0 4500.0 
10165 8163.333333333333 3120.0 4500.0 
10166 8163.333333333333 3600.0 4500.0 
10167 8163.333333333333 4080.0 4500.0 
10168 8163.333333333333 4560.0 4500.0 
10169 8163.333333333333 5040.0 4500.0 
10170 8163.333333333333 5520.0 4500.0 
10171 8651.666666666666 1200.0 4500.0 
10172 8651.666666666666 1680.0 4500.0 
10173 8651.666666666666 2160.0 4500.0 
10174 8651.666666666666 2640.0 4500.0 
10175 8651.666666666666 3120.0 4500.0 
10176 8651.666666666666 3600.0 4500.0 
10177 8651.666666666666 4080.0 4500.0 
10178 8651.666666666666 4560.0 4500.0 
10179 8651.666666666666 5040.0 4500.0 
10180 8651.666666666666 5520.0 4500.0 
10181 9140.0 1200.0 4500.0 
10182 9140.0 1680.0 4500.0 
10183 9140.0 2160.0 4500.0 
10184 9140.0 2640.0 4500.0 
10185 9140.0 3120.0 4500.0 
10186 9140.0 3600.0 4500.0 
10187 9140.0 4080.0 4500.0 
10188 9140.0 4560.0 4500.0 
10189 9140.0 5040.0 4500.0 
10190 9140.0 5520.0 4500.0 
10191 9628.333333333332 1200.0 4500.0 
10192 9628.333333333332 1680.0 4500.0 
10193 9628.333333333332 2160.0 4500.0 
10194 9628.333333333332 2640.0 4500.0 
10195 9628.333333333332 3120.0 4500.0 
10196 9628.333333333332 3600.0 4500.0 
10197 9628.333333333332 4080.0 4500.0 
10198 9628.333333333332 4560.0 4500.0 
10199 9628.333333333332 5040.0 4500.0 
10200 9628.333333333332 5520.0 4500.0 
10201 10116.666666666666 1200.0 4500.0 
10202 10116.666666666666 1680.0 4500.0 
10203 10116.666666666666 2160.0 4500.0 
10204 10116.666666666666 2640.0 4500.0 
10205 10116.666666666666 3120.0 4500.0 
10206 10116.666666666666 3600.0 4500.0 
10207 10116.666666666666 4080.0 4500.0 
10208 10116.666666666666 4560.0 4500.0 
10209 10116.666666666666 5040.0 4500.0 
10210 10116.666666666666 5520.0 4500.0 
10211 10605.0 1200.0 4500.0 
10212 10605.0 1680.0 4500.0 
10213 10605.0 2160.0 4500.0 
10214 10605.0 2640.0 4500.0 
10215 10605.0 3120.0 4500.0 
10216 10605.0 3600.0 4500.0 
10217 10605.0 4080.0 4500.0 
10218 10605.0 4560.0 4500.0 
10219 10605.0 5040.0 4500.0 
10220 10605.0 5520.0 4500.0 
10221 11093.333333333332 1200.0 4500.0 
10222 11093.333333333332 1680.0 4500.0 
10223 11093.333333333332 2160.0 4500.0 
10224 11093.333333333332 2640.0 4500.0 
10225 11093.333333333332 3120.0 4500.0 
10226 11093.333333333332 3600.0 4500.0 
10227 11093.333333333332 4080.0 4500.0 
10228 11093.333333333332 4560.0 4500.0 
10229 11093.333333333332 5040.0 4500.0 
10230 11093.333333333332 5520.0 4500.0 
10231 11581.666666666666 1200.0 4500.0 
10232 11581.666666666666 1680.0 4500.0 
10233 11581.666666666666 2160.0 4500.0 
10234 11581.666666666666 2640.0 4500.0 
10235 11581.666666666666 3120.0 4500.0 
10236 11581.666666666666 3600.0 4500.0 
10237 11581.666666666666 4080.0 4500.0 
10238 11581.666666666666 4560.0 4500.0 
10239 11581.666666666666 5040.0 4500.0 
10240 11581.666666666666 5520.0 4500.0 
10241 12070.0 1200.0 4500.0 
10242 12070.0 1680.0 4500.0 
10243 12070.0 2160.0 4500.0 
10244 12070.0 2640.0 4500.0 
10245 12070.0 3120.0 4500.0 
10246 12070.0 3600.0 4500.0 
10247 12070.0 4080.0 4500.0 
10248 12070.0 4560.0 4500.0 
10249 12070.0 5040.0 4500.0 
10250 12070.0 5520.0 4500.0 
10251 12558.333333333332 1200.0 4500.0 
10252 12558.333333333332 1680.0 4500.0 
10253 12558.333333333332 2160.0 4500.0 
10254 12558.333333333332 2640.0 4500.0 
10255 12558.333333333332 3120.0 4500.0 
10256 12558.333333333332 3600.0 4500.0 
10257 12558.333333333332 4080.0 4500.0 
10258 12558.333333333332 4560.0 4500.0 
10259 12558.333333333332 5040.0 4500.0 
10260 12558.333333333332 5520.0 4500.0 
10261 13046.666666666666 1200.0 4500.0 
10262 13046.666666666666 1680.0 4500.0 
10263 13046.666666666666 2160.0 4500.0 
10264 13046.666666666666 2640.0 4500.0 
10265 13046.666666666666 3120.0 4500.0 
10266 13046.666666666666 3600.0 4500.0 
10267 13046.666666666666 4080.0 4500.0 
10268 13046.666666666666 4560.0 4500.0 
10269 13046.666666666666 5040.0 4500.0 
10270 13046.666666666666 5520.0 4500.0 
10271 13535.0 1200.0 4500.0 
10272 13535.0 1680.0 4500.0 
10273 13535.0 2160.0 4500.0 
10274 13535.0 2640.0 4500.0 
10275 13535.0 3120.0 4500.0 
10276 13535.0 3600.0 4500.0 
10277 13535.0 4080.0 4500.0 
10278 13535.0 4560.0 4500.0 
10279 13535.0 5040.0 4500.0 
10280 13535.0 5520.0 4500.0 
10281 14023.333333333332 1200.0 4500.0 
10282 14023.333333333332 1680.0 4500.0 
10283 14023.333333333332 2160.0 4500.0 
10284 14023.333333333332 2640.0 4500.0 
10285 14023.333333333332 3120.0 4500.0 
10286 14023.333333333332 3600.0 4500.0 
10287 14023.333333333332 4080.0 4500.0 
10288 14023.333333333332 4560.0 4500.0 
10289 14023.333333333332 5040.0 4500.0 
10290 14023.333333333332 5520.0 4500.0 
10291 14511.666666666666 1200.0 4500.0 
10292 14511.666666666666 1680.0 4500.0 
10293 14511.666666666666 2160.0 4500.0 
10294 14511.666666666666 2640.0 4500.0 
10295 14511.666666666666 3120.0 4500.0 
10296 14511.666666666666 3600.0 4500.0 
10297 14511.666666666666 4080.0 4500.0 
10298 14511.666666666666 4560.0 4500.0 
10299 14511.666666666666 5040.0 4500.0 
10300 14511.666666666666 5520.0 4500.0 
