10001 600.0 27800.0 1500.0 
10002 700.0 27800.0 1500.0 
10003 800.0 27800.0 1500.0 
10004 900.0 27800.0 1500.0 
10005 1000.0 27800.0 1500.0 
10006 1100.0 27800.0 1500.0 
10007 1200.0 27800.0 1500.0 
10008 1300.0 27800.0 1500.0 
10009 1400.0 27800.0 1500.0 
10010 1500.0 27800.0 1500.0 
10011 1600.0 27800.0 1500.0 
10012 1700.0 27800.0 1500.0 
10013 1800.0 27800.0 1500.0 
10014 1900.0 27800.0 1500.0 
10015 2000.0 27800.0 1500.0 
10016 2100.0 27800.0 1500.0 
10017 2200.0 27800.0 1500.0 
10018 2300.0 27800.0 1500.0 
10019 2400.0 27800.0 1500.0 
10020 2500.0 27800.0 1500.0 
10021 2600.0 27800.0 1500.0 
10022 2700.0 27800.0 1500.0 
10023 2800.0 27800.0 1500.0 
10024 2900.0 27800.0 1500.0 
10025 3000.0 27800.0 1500.0 
10026 3100.0 27800.0 1500.0 
10027 3200.0 27800.0 1500.0 
10028 3300.0 27800.0 1500.0 
10029 3400.0 27800.0 1500.0 
10030 3500.0 27800.0 1500.0 
10031 3600.0 27800.0 1500.0 
10032 3700.0 27800.0 1500.0 
10033 3800.0 27800.0 1500.0 
10034 3900.0 27800.0 1500.0 
10035 4000.0 27800.0 1500.0 
10036 4100.0 27800.0 1500.0 
10037 4200.0 27800.0 1500.0 
10038 4300.0 27800.0 1500.0 
10039 4400.0 27800.0 1500.0 
10040 4500.0 27800.0 1500.0 
10041 4600.0 27800.0 1500.0 
10042 4700.0 27800.0 1500.0 
10043 4800.0 27800.0 1500.0 
10044 4900.0 27800.0 1500.0 
10045 5000.0 27800.0 1500.0 
10046 5100.0 27800.0 1500.0 
10047 5200.0 27800.0 1500.0 
10048 5300.0 27800.0 1500.0 
10049 5400.0 27800.0 1500.0 
10050 5500.0 27800.0 1500.0 
10051 5600.0 27800.0 1500.0 
10052 5700.0 27800.0 1500.0 
10053 5800.0 27800.0 1500.0 
10054 5900.0 27800.0 1500.0 
10055 6000.0 27800.0 1500.0 
10056 6100.0 27800.0 1500.0 
10057 6200.0 27800.0 1500.0 
10058 6300.0 27800.0 1500.0 
10059 6400.0 27800.0 1500.0 
10060 6500.0 27800.0 1500.0 
10061 6600.0 27800.0 1500.0 
10062 6700.0 27800.0 1500.0 
10063 6800.0 27800.0 1500.0 
10064 6900.0 27800.0 1500.0 
10065 7000.0 27800.0 1500.0 
10066 7100.0 27800.0 1500.0 
10067 7200.0 27800.0 1500.0 
10068 7300.0 27800.0 1500.0 
10069 7400.0 27800.0 1500.0 
10070 7500.0 27800.0 1500.0 
10071 7600.0 27800.0 1500.0 
10072 7700.0 27800.0 1500.0 
10073 7800.0 27800.0 1500.0 
10074 7900.0 27800.0 1500.0 
10075 8000.0 27800.0 1500.0 
10076 8100.0 27800.0 1500.0 
10077 8200.0 27800.0 1500.0 
10078 8300.0 27800.0 1500.0 
10079 8400.0 27800.0 1500.0 
10080 8500.0 27800.0 1500.0 
10081 8600.0 27800.0 1500.0 
10082 8700.0 27800.0 1500.0 
10083 8800.0 27800.0 1500.0 
10084 8900.0 27800.0 1500.0 
10085 9000.0 27800.0 1500.0 
10086 9100.0 27800.0 1500.0 
10087 9200.0 27800.0 1500.0 
10088 9300.0 27800.0 1500.0 
10089 9400.0 27800.0 1500.0 
10090 9500.0 27800.0 1500.0 
10091 9600.0 27800.0 1500.0 
10092 9700.0 27800.0 1500.0 
10093 9800.0 27800.0 1500.0 
10094 9900.0 27800.0 1500.0 
10095 10000.0 27800.0 1500.0 
10096 10100.0 27800.0 1500.0 
10097 10200.0 27800.0 1500.0 
10098 10300.0 27800.0 1500.0 
10099 10400.0 27800.0 1500.0 
10100 10500.0 27800.0 1500.0 
10101 10600.0 27800.0 1500.0 
10102 10700.0 27800.0 1500.0 
10103 10800.0 27800.0 1500.0 
10104 10900.0 27800.0 1500.0 
10105 11000.0 27800.0 1500.0 
10106 11100.0 27800.0 1500.0 
